0.0037273753
0.1950161
-0.030711427
-0.118489176
0.068167485
0.05885106
0.032731302
-0.0031163867
0.046053357
0.059587196
0.07167808
0.113019265
0.05437606
0.07612994
-0.020466026
-0.06501854
-0.1413496
-0.0063303295
-0.046587065
-0.12940061
0.033806723
0.23488696
-0.18650408
-0.04606047
-0.04329368
-0.035068322
-0.036867626
0.018276641
-0.09233716
0.0134786535
-0.115676425
-0.0990586
-0.07456573
-0.39229667
-0.04593323
-0.024250109
-0.077858485
0.041070223
0.0070570814
-0.07755424
0.022687925
-0.0026979605
-0.13851044
0.09299555
0.12197322
0.039554104
0.100162305
-0.0072620935
0.06463648
-0.053927206
-0.40474522
-0.12621489
0.010688313
0.0070927087
-0.026296968
0.011753955
0.13991097
0.19941606
0.03562589
-0.015839944
0.06857853
-0.08626211
0.12285894
0.14395343
0.16847846
0.17284419
-0.0014935335
-0.31840345
-0.06316406
-0.08941231
0.06281851
0.05324288
0.059381787
0.064382516
0.16470563
0.01479775
0.15379713
-0.08185183
-0.031715114
0.04190891
0.19526836
0.09064044
-0.051065344
0.017543035
-0.30368978
-0.10301551
-0.06682192
0.079725586
0.08536814
0.10869527
-0.019349307
0.03987431
0.02286894
-0.0011317567
0.14379278
0.2501696
0.04468612
0.10269734
0.18321006
0.009322178
-0.025239516
-0.26524937
-0.029092368
0.06546319
-0.12388656
-0.02889012
0.15151028
0.047440216
0.08912011
-0.11530831
0.08119662
-0.016526086
0.064038016
-0.0762392
0.055963725
-0.056855503
0.10977053
-0.13428985
-0.1553243
-0.015429
-0.03760877
0.13352841
0.11967055
0.035146456
0.09620291
0.04165474
0.060689855
-0.03675984
0.018229913
0.063748755
0.11575243
-0.04779611
0.23364104
0.025058396
-0.23801355
-0.16400799
0.043597225
-0.105923355
-0.05725458
-0.017997863
0.042550556
-0.05676335
-0.014843653
-0.06245535
-0.019139435
-0.06908271
0.057493024
0.07518709
0.19704224
0.06991993
0.067868784
0.09076435
-0.34933117
-0.007997591
0.13992399
0.33259845
0.2672681
0.10647731
0.14065814
0.16729511
-0.006554276
0.08760623
0.05199749
0.11614292
0.065249614
0.18102075
0.40738136
0.2483767
-0.09919267
-0.45067626
-0.010354383
-0.12029854
0.18074079
0.1722287
0.30399397
0.19347131
0.086492404
0.008526851
0.09980343
0.20250873
0.07992626
0.15937656
0.19885153
0.27029923
0.5262939
-0.099544674
-0.39016718
-0.029837837
-0.09635795
0.27527916
0.2803119
0.2563421
0.09023433
0.26013142
0.031322118
0.06447702
0.15886994
0.06644514
0.17897087
0.139965
0.18839553
0.24851625
0.15747793
-0.20249331
0.037094768
-0.06330715
0.28770202
0.19413476
0.180931
0.32416078
0.27080294
0.07200098
0.36242154
-0.12357699
0.040142376
0.17185058
0.19472027
0.5177098
0.18397261
-0.002715012
0.121443875
-0.084703475
0.094689235
0.27320462
0.36961865
0.19423556
0.076782964
0.27283967
0.27651697
0.21175128
0.10399541
0.14548004
0.09454172
0.29386562
0.19247025
0.32249483
-0.03816993
0.0017485104
-0.0075396975
-0.02154154
0.1355323
0.4266508
0.10839959
0.15672308
0.081452385
0.18174936
0.10600151
-0.027224917
0.231961
0.34748495
0.32025528
0.19276902
0.16845243
0.12812161
0.04323153
0.039487325
0.056127984
0.34513813
0.41907164
0.111576706
0.24540395
0.17038825
0.17876394
0.13060153
-0.048847903
-0.0440421
0.20648892
0.31281084
0.2733947
0.16936116
0.09344429
0.14832363
0.08183383
-0.07904209
0.2976891
0.24923767
0.15233019
0.172737
0.050404098
0.18457755
0.13460937
0.12553565
-0.0019423978
0.09426499
0.33049214
0.38115337
0.23257335
0.047622986
0.20054449
-0.18458952
-0.08877576
0.20942684
0.31105772
0.18114331
0.3474424
0.14512688
0.24370457
0.27702242
0.028885912
0.20492953
0.24275644
0.25582185
0.30193958
0.38997152
0.17246257
0.2049209
-0.22618143
0.0974918
0.11934934
0.011447716
0.1488949
0.037746526
0.13187332
0.018021382
0.062614866
0.09851672
0.101369634
0.08423307
0.011867983
0.28571346
0.020165041
-0.09133895
0.14909239
-0.07245466
0.11672595
-0.013431392
-0.06350067
0.02053377
-0.16501318
0.14509967
-0.12760493
0.01716127
-0.014582695
0.027027067
-0.008819381
-0.09614276
0.046937812
-0.028034383
-0.075454906
-0.08696192
0.0040269755
0.14189774
0.05416964
0.047094572
-0.030848494
0.08966265
-0.038670532
0.23821299
0.023964824
0.023823306
-0.11434021
0.116122276
-0.073868796
0.004387137
0.15908387
0.007280651
0.015830452
-0.048993386
0.06410277
0.10687954
0.03699175
0.12937842
0.022464305
0.0862604
0.021718182
0.045981802
0.051110435
0.013798814
-0.20236644
0.22006431
0.011582117
-0.002473814
-0.020197194
0.11977059
-0.11011608
0.09261612
0.025327418
0.037122793
-0.0040833657
-0.10871656
0.005450861
0.070534885
0.02244169
-0.099610426
-0.10042306
0.14835845
0.0365661
0.015293157
0.087111495
-0.017592432
0.03932081
0.04277308
0.10908681
-0.048571795
0.0060657575
-0.036893107
0.064546406
-0.10593304
0.1729047
-0.086255886
0.05862948
-0.040292755
-0.0016265821
-0.12890835
0.0893239
-0.021910168
-0.011075194
-0.07323747
-0.06144844
-0.13911405
0.25361842
-0.049474485
0.037389867
0.11666554
0.022568181
0.07487679
0.21298236
-0.08120209
0.0838913
0.074533716
-0.08251723
-0.019686066
0.18560249
-0.070768
-0.01499362
-0.030299144
-0.027266275
0.056379315
-0.038189452
0.19136293
0.00032210973
-0.0005126894
0.072917335
-0.04332367
-0.07298065
-0.17832297
0.051852673
0.054198086
0.16205624
-0.05230494
0.029801507
0.13321128
-0.10973293
0.00014654401
0.021574788
0.0063007833
-0.041087903
-0.03176703
-0.005869116
0.24273065
0.10588417
-0.09646819
0.007512281
0.16422841
0.12664294
-0.08169125
0.011184451
-0.08694197
-0.056403503
0.03354655
0.088041484
-0.05369647
-0.028687503
0.15042925
-0.08619434
0.039940294
0.009179754
0.14507264
0.0619053
-0.094394125
-0.0042006825
0.056698073
0.13353579
0.07788003
0.066702716
0.14985162
-0.12818174
-0.0087898085
0.09795223
0.012614207
0.08900586
-0.012519573
-0.023905464
0.004058015
0.059337065
0.062089633
-0.017515032
-0.04153075
0.057550274
0.08793421
-0.09232947
0.058959834
-0.028030748
-0.0032235612
0.12582174
0.011531275
0.08194983
0.20288832
-0.06024399
0.23253132
-0.06601975
0.09832074
-0.020781072
0.09002814
0.00975701
-0.019343456
0.2559891
0.1370245
0.009477491
-0.0059281196
-0.040238626
0.08970615
0.08192967
0.12430926
0.22389933
0.008229628
-0.22763042
0.04189501
-0.17959288
0.02868043
0.05770222
0.10442089
0.05358181
0.122805506
0.0851459
0.02356075
-0.056721468
-0.039882824
0.16444147
-0.0044067698
0.13264887
-0.0110758785
0.029156204
-0.013571527
0.15366666
0.055447552
0.10530423
-0.08346669
0.019608608
0.06940761
0.07801336
0.025578719
0.007625749
0.08099157
0.110626124
0.09382003
-0.068564914
0.16995
0.16425923
0.081672244
0.08191015
0.13400334
0.010032185
0.04574635
0.08661648
0.06015243
0.124817304
-0.14727233
0.09119498
0.13084881
-0.013908964
-0.06733311
0.022766378
-0.08376631
0.14295502
0.18423633
0.003562238
0.10521326
0.041305315
0.10990577
0.080322005
0.023018874
0.18434007
0.061425857
-0.00980766
0.09593873
0.09307794
-0.010961625
0.075553395
0.09189386
0.054152437
0.2503649
0.09331308
0.15986769
0.016379267
0.10225962
-0.051089548
0.0051795635
0.011299008
-0.014950011
0.13112588
-0.024500132
0.09181514
0.09584597
-0.049232762
-0.043642823
0.2816335
-0.07612772
0.1226932
0.10179749
0.09377589
0.03277814
0.21212468
-0.18257561
-0.11824304
-0.06990557
0.22751561
0.13221936
0.0054629026
0.08942959
-0.1279375
0.07633934
-0.15086368
0.07446871
-0.007878431
0.10078608
0.25187787
0.19248357
0.12312555
-0.08060272
-0.16307874
-0.04764396
0.015440942
-0.060866266
0.004796407
0.10947947
0.05370652
-0.094918095
-0.1098138
-0.10261523
0.0010392283
0.09267567
0.05371069
-0.025229134
-0.04245087
0.046179667
-0.0021048947
-0.15740305
0.016669031
-0.09240434
-0.028529681
0.17182249
0.086686976
0.009231481
-0.101159185
-0.09399405
-0.16794221
-0.011408735
0.051761594
0.016005157
0.05688198
-0.1405567
-0.1319793
0.13591465
0.07167876
0.10492099
-0.09836459
-0.023140086
-0.035608515
0.113613255
0.15347889
-0.0037596584
-0.054777578
0.059523813
-0.0529816
0.11646743
0.1638753
0.039626513
0.050837252
0.13474503
0.049282774
-0.11516277
-0.03133999
0.096256696
0.041695703
0.059394583
0.08051293
-0.05528976
0.13116671
0.060686786
-0.10341189
-0.09753186
-0.026130905
0.0070419046
0.16199486
0.06579316
0.0061835167
0.057520315
-0.07146758
0.06338322
0.16534033
0.05343094
0.06419793
0.11373305
0.049004704
0.050129596
0.005253023
0.12940325
0.00085288764
0.08225388
0.09453843
0.023484128
-0.013995995
-0.028114976
-0.038267404
0.07491116
0.008348846
-0.0017103052
0.06180689
0.024397243
-0.06964692
-0.055903904
-0.1566826
-0.08135504
0.002024893
0.03252154
0.028322063
-0.03768782
-0.037019424
0.042073756
0.21384275
0.14409488
-0.13527763
0.010949006
0.17715812
0.04712479
-0.004700969
0.059163984
0.015941262
0.021515192
0.01710005
-0.0313945
-0.14035487
0.13406946
0.09173689
-0.20162526
0.06868787
-0.010043316
0.04591664
0.016904581
-0.08662869
0.04551693
0.10559195
-0.021672837
-0.023761872
0.04872149
0.049667988
-0.07726005
-0.05058532
-0.041333437
-0.08420516
-0.032414343
0.0663186
-0.0862957
0.03750509
-0.02019734
-0.0064503285
0.0063588987
0.030583913
0.11057283
0.037635263
-0.064150505
0.14037365
0.14797366
-0.0020862208
0.017528357
0.1844909
0.1956622
0.0110804215
0.13767113
0.13555573
0.2276137
0.12618707
0.06448551
0.14252399
0.1007248
0.092397764
0.010052933
0.15390743
0.001667524
0.11206499
0.004886852
0.040953923
0.07750943
0.22997667
0.13332978
0.040888406
0.1336967
-0.02397306
-0.020163886
-0.006076446
-0.004092017
0.06424469
-0.011460392
0.14876528
0.051193964
0.04881179
-0.023238257
0.06817082
0.004410984
0.09176012
0.04328513
0.27456865
0.042873506
-0.045461114
0.09713963
0.09088795
0.09979756
0.030943032
-0.030999951
0.07620785
0.08781083
0.013768782
0.11828224
0.06548013
0.060230996
0.09549487
0.037865233
0.09250114
-0.041168965
0.23048156
0.06526785
0.09459712
0.03944082
0.23207022
-0.1605612
-0.044670604
-0.0010155153
0.019549305
-0.06929807
-0.013213673
0.033421647
-0.0753446
0.20802958
-0.010001068
0.07275727
0.06744856
-0.06624065
0.094916575
0.044257987
0.024687143
0.13540827
0.09848746
0.16938746
0.048206937
0.21011056
0.14092937
0.079686895
-0.013547217
0.105507575
-0.13366938
0.08337775
0.07353957
0.24138063
0.11210491
0.06789534
0.10168017
0.20187986
0.03213768
0.018846324
0.19259341
0.10352326
0.14609481
0.0791387
0.11663163
-0.033858307
0.11991759
-0.07576435
0.09579777
0.19703434
0.11426519
0.03296116
0.0050274255
0.094250314
0.11421543
0.23572026
0.072362326
0.14027736
0.04745918
0.04610317
0.16718735
0.21591441
0.2110624
0.020808378
0.06637744
0.08517523
0.07551793
0.18366128
-0.015174836
0.02699734
0.060003772
0.011215224
0.16071501
-0.046499938
0.08289489
-0.07061048
0.09568843
0.04836982
0.085807845
0.05494295
0.07023636
0.09235947
0.08228835
-0.067517586
0.24723062
0.15347214
0.06725638
-0.121243864
0.1114928
0.095035486
0.18854776
-0.13108356
-0.023603413
0.088962846
-0.097084746
0.08477262
0.10568228
0.19549234
0.031804886
0.14118126
0.27181378
0.02103926
0.0232397
0.23945309
0.06458902
0.024433548
0.17639942
-0.061415292
-0.075941764
0.028953604
0.16611695
0.16170621
0.08887286
0.09283023
-0.07468658
0.11132627
-0.04693286
0.14372028
0.08411202
0.007582418
-0.05206438
0.05011902
0.23614433
-0.04589277
-0.10166117
0.0042570806
-0.039159883
0.046009503
0.018953847
0.2135449
0.01626601
-0.03124944
0.019912416
0.16677052
0.04926364
0.1527414
0.14540051
-0.06919786
-0.10181733
-0.043023486
0.06486328
0.043290585
-0.023522614
0.11849913
0.15233718
0.2456356
0.09775084
-0.06643716
-0.08621841
-0.037696574
0.040758543
0.10002338
0.04969438
-0.100780934
0.059788316
0.054660797
0.0018652282
-0.017318984
0.014381681
-0.03282078
0.033872012
0.067015536
0.10481646
-0.04020435
0.144736
-0.047802493
-0.15581001
0.06358448
0.08895554
0.041944955
0.060029663
0.035143673
0.009898254
0.0639411
0.046456013
0.02531384
-0.010446509
-0.028293453
0.13521366
-0.034994192
0.22376683
-0.044836253
-0.12646477
-0.14620602
0.121052794
-0.12697187
0.09011467
-0.047250368
-0.016082902
-0.15461932
0.1476926
0.17710404
-0.07559234
-0.082294606
0.08135297
-0.08846579
0.025983255
-0.057347495
0.08402302
0.02789819
0.058999028
0.06605914
0.07353409
0.23599772
0.31964126
0.049893722
0.028152952
-0.031379085
0.2003665
-0.03209822
0.023345536
0.0024792748
0.04420604
0.15301327
-0.14897437
0.035766985
0.011411503
0.03867634
0.04710862
0.08077099
-0.011087269
0.07229671
-0.011083558
0.05768888
-0.016054116
0.07844866
-0.15426551
0.09291437
-0.03809529
0.1853087
0.14521043
0.039072882
-0.0023130109
-0.08247182
-0.06932574
0.022557728
-0.03059985
0.09138584
0.0406149
-0.13109791
0.010949298
-0.07502142
-0.052896045
0.051452134
-0.108238146
0.066720404
-0.024888478
0.1295388
-0.012926148
0.11034002
-0.042709842
0.04740877
-0.05910412
0.07449685
-0.048816197
0.04409546
0.0011553606
0.04411452
0.06586065
0.0012562374
-0.15063363
-0.049438737
-0.04833937
-0.033388734
0.015019858
0.060228623
-0.096668825
0.13125527
0.13344249
0.056346364
0.024936361
0.022755869
0.059942573
0.011402937
0.065651454
0.03135793
0.0777596
0.12029248
0.0032205998
0.14186104
0.032932818
0.06629157
0.07399448
0.03772724
0.11642341
0.07482826
0.032343324
-0.04340505
-0.003491375
-0.2110603
-0.05289864
0.08711928
-0.09816856
0.06681284
0.01818582
0.0014360005
-0.054410152
-0.065878384
0.039414056
0.016464664
0.031068543
0.09951311
-0.18456253
0.11485785
0.05307234
0.026805388
0.09035956
0.031145848
-0.07589597
-0.17711736
0.028612342
0.13017137
-0.06616673
0.09432252
0.19307753
0.12568489
0.024367657
-0.11345781
-0.028943576
-0.0035757457
0.035246465
-0.05931456
0.10095267
0.09444808
0.2069824
-0.014774331
0.055748872
-0.013651058
0.11717802
-0.09152622
-0.080709405
-0.030938398
0.027247539
0.20683572
-0.014787621
0.19171639
-0.09355131
0.008967845
-0.059677314
0.002536756
-0.018721262
0.042647228
-0.007946668
-0.072844334
0.12316202
-0.11381377
0.029491283
-0.002687486
-0.06509437
-0.07984913
-0.14589268
0.013803122
0.026595144
-0.12506086
-0.2673075
0.1585072
0.110253565
-0.09295984
-0.057596005
0.09381473
-0.15866283
0.028258787
-0.052070387
0.07646524
-0.11747487
0.037970763
0.034176126
-2.9117662e-05
0.07242597
0.057848185
-0.054798074
-0.09867288
-0.03902629
0.24298768
-0.04623321
-0.13364525
-0.122382306
0.20416285
-0.13369279
-0.16937278
-0.044331703
0.07094625
0.08865947
-0.027103707
0.033440303
-0.1947629
0.110265955
0.022155272
-0.092417635
-0.054490305
0.054436702
-0.009177871
0.0071913875
-0.08562797
-0.03774531
0.0520947
-0.0055537866
-0.018728016
-0.014206668
0.07585875
-0.027070105
0.00808085
0.18947706
0.03654801
0.11448349
-0.057506815
0.08391339
-0.021370951
0.29795888
0.027515283
0.1397305
-0.0053387503
0.011514251
-0.0223888
0.07247047
0.13873844
0.018700078
0.07787963
0.09849449
0.12984556
0.11414712
0.031998694
0.11663534
0.119720146
0.09061292
-0.0041318997
0.12054872
-0.051803384
-0.04016252
0.22907732
0.0956526
0.07110656
0.07967945
0.023325432
0.05213353
-0.001209315
0.16895913
-0.06719613
0.099785276
0.19039991
0.12660761
0.05578269
0.055670235
-0.037112907
-0.09610149
-0.10120168
-0.030908009
-0.051163808
0.0009843885
0.015808688
0.024958046
0.1561142
0.037437186
0.003544846
0.112633266
0.0587772
0.032898214
0.048561662
0.1483688
0.004155142
-0.092881285
0.0661759
-0.047758404
-0.026078362
0.08897301
0.0430829
0.0026164416
0.13086258
0.12604606
-0.052406847
-0.035391994
0.07775175
-0.108181484
0.09548995
0.14569892
-0.000680492
0.11431561
-0.019995155
0.062004063
0.06722502
0.15285704
-0.030007288
0.09941366
0.017292568
0.13691731
0.027104054
0.012140035
0.03737039
-0.035700914
-0.093281396
0.10416625
0.27167216
0.16511458
-0.13552696
0.03864225
0.014711037
-0.039568033
0.048816707
-0.047213275
0.0673217
0.0040166206
0.25950152
0.12173166
-0.004468524
-0.08766133
0.047294796
-0.024357144
-0.04849372
0.026922496
0.061206896
0.091208175
0.22723949
-0.065048985
0.04925702
0.12569545
0.006110898
-0.1996426
-0.015387975
-0.026819354
0.1175738
0.14388984
0.12300794
-0.0421827
0.09620469
0.012274606
0.01217139
-0.07500449
0.020712662
-0.053273484
-0.03503057
0.0010421355
0.11648628
-0.071346834
0.08024589
0.03399808
-0.03063122
-0.023802744
0.05145969
0.004850711
0.016945604
0.084826656
0.06406634
0.1113602
-0.16427162
0.12823406
0.14313455
0.022755582
-0.17056474
0.30789837
-0.025684794
0.051482346
0.08184615
0.08643622
0.08690846
0.005458358
-0.08556346
0.08298319
-0.10684384
0.08956845
0.036463827
0.025207361
0.14040783
0.19864236
-0.081641525
0.090088
0.06604984
-0.10423631
0.017789183
-0.00011965357
0.045943618
-0.14069755
-0.006685496
-0.120125055
-0.19978368
-0.0040436033
0.07113981
0.0044329334
-0.099608585
0.030868495
-0.088191494
0.0802098
0.05926687
0.07449886
0.0051567764
0.004070693
-0.055072032
-0.1333139
-0.086839885
0.09645578
-0.0962973
-0.033193342
0.25997907
-0.057872184
-0.023128312
0.1773584
-0.067983575
-0.037948452
-0.0020964881
-0.1210748
-0.10657679
-0.019692447
0.0038303514
0.029041238
0.027764054
-0.060010932
-0.03539128
0.0051546833
-0.13783081
-0.06756139
0.12217078
0.10226863
0.077941366
-0.00084810395
0.08047667
0.060231507
0.018743029
0.15052612
-0.046889327
0.038296696
0.008349096
-0.00063101866
0.0027199367
-0.030645935
0.026232924
0.00028077577
-0.004942723
0.16158432
-0.018244456
-0.072780855
0.09681717
0.03420234
-0.032850903
-0.004383566
-0.14931132
0.12574247
0.007100962
0.050863538
0.05043594
-0.020329602
-0.118639655
0.13842763
0.15431798
-0.1341919
0.1314492
-0.0002946188
0.099426605
0.06936847
-0.07088986
0.07589242
-0.05999191
0.089185156
0.16668123
-0.06380864
-0.030848447
0.10527031
-0.042911377
-0.049090322
0.005582244
0.11475693
0.036524434
0.09498996
0.05018316
-0.11248369
0.06497808
0.04992107
0.17748755
-0.06262394
0.12522252
0.0026428853
0.019655526
-0.040764928
0.093964614
0.15850595
0.072253436
0.112466075
0.020831432
-0.050394326
0.02357096
0.1260902
-0.1024102
-0.14755908
0.26905856
-0.040731635
0.12202971
-0.003784121
0.0042821653
0.051442638
0.047205143
0.08508615
0.08373688
0.04121011
0.08266614
-0.00186861
-0.04479639
0.1011711
-0.05667614
0.12011035
0.05143046
0.21598746
0.106320664
0.20866458
-0.09065622
-0.0019690911
0.0913063
0.018113831
0.10079614
0.1014229
0.0756203
-0.08543728
0.1295644
-0.011284251
0.12395343
0.14428905
0.0029016652
0.031242633
0.06291729
0.016064318
0.09013666
0.039682362
0.03129878
0.06893298
-0.13353908
-0.09620212
0.16676491
0.14015935
0.09477585
0.008935791
-0.058163438
0.04975699
-0.058133084
0.014256917
0.102863036
0.015446353
0.043769863
-0.083185144
0.0063471496
-0.05782808
0.208741
0.07977655
0.088475935
0.03445652
0.07708364
0.07554881
-0.073170185
-0.18725419
0.106956065
0.0050192233
-0.079590745
-0.0027391517
-0.02670197
0.11600645
0.042546336
0.17990069
0.053747684
0.068539284
0.07145755
0.1457001
0.11357082
-0.09890804
-0.080163606
-0.083368056
-0.060329866
0.25998613
0.051097926
0.08761925
-0.022307927
0.13681109
0.091338
0.061918523
-0.077841185
0.026607636
0.036386065
0.07045232
0.19272302
-0.03337828
0.00043403063
-0.09555078
-0.030179258
0.10003525
0.10998185
0.09156802
-0.13291955
0.2805649
0.04236037
-0.06841313
0.01013019
-0.101198815
0.011183303
0.09301441
0.041130144
0.0099312505
-0.012074544
-0.03522255
-0.014108826
0.06338108
0.07113001
-0.10151127
0.03859501
-0.03193045
0.086372785
-0.020273658
0.09565747
-0.025447497
0.06801452
0.05857633
0.14844112
0.0729793
0.08947667
-0.024845568
0.043737136
-0.07618912
0.13715188
0.035854377
0.10451365
0.18685693
0.15298222
0.09948444
-0.009675231
-0.0013695691
0.1014315
0.10917895
0.0408162
-0.014470518
0.11326756
0.079692006
0.13523176
0.24239312
0.09273469
0.09954869
-0.0062035257
0.077745594
0.06893267
-0.10891976
0.079437956
0.17872413
0.08282596
-0.0077181687
0.15925224
0.07541753
0.0057582334
-0.049361277
0.06475268
0.013489359
-0.005701003
0.041179948
-0.016800756
0.08808083
-0.046283394
0.0032015806
-0.011811463
0.049402066
0.023370272
0.083932154
0.19136074
0.0855478
-0.12769727
-0.08142459
0.04663772
-0.06517773
0.1405144
0.047380216
0.24169852
0.13211836
0.067628704
0.044556603
-0.0038608906
0.15198182
0.05710472
0.13042118
0.034090757
-0.109595336
0.1182433
0.11428655
0.12252967
0.076976016
-0.032133743
-0.0263399
-0.027941575
-0.20796603
0.08040215
0.09313745
-0.152162
-0.070195556
0.027285084
-0.05211213
0.09828301
0.009694957
0.12773952
0.049028024
-0.044159748
0.09303782
0.0221195
0.040230576
0.07267831
-0.040211618
0.04371477
0.09536668
-0.025816366
-0.05376939
0.112487234
0.064665765
-0.06582379
-0.01483579
0.0025674112
-0.0026661467
-0.007551852
0.13900945
-0.019039752
-0.047710087
0.047492884
0.06948891
0.031027364
-0.01976355
-0.0019297288
0.10715571
-0.013094816
-0.074893445
0.104742974
-0.02794582
-0.13697934
0.120979786
0.07149387
0.05584645
0.023488209
0.09607481
0.047032468
0.10307181
0.057540677
0.25935742
0.16843526
-0.051632922
-0.024996124
0.025607744
0.050392725
0.06619931
0.15781854
0.08886991
0.063328296
0.020892965
0.056027114
0.1720641
-0.032395463
0.10777181
0.01798372
0.17470852
-0.14852268
-0.04065076
-0.09699951
-0.008120603
-0.08466209
-0.041895606
-0.01201208
0.15150765
0.1483753
-0.030151248
-0.022272566
0.022250852
0.009381602
0.14291587
-0.17244826
0.057498153
-0.1559011
-0.039527584
-0.0043099034
-0.09489605
-0.09781514
-0.11247568
0.10432783
-0.04034558
-0.018282162
-0.013840159
0.08690659
0.08113873
0.09577187
-0.07938757
-0.12421878
0.18387738
0.0693293
-0.039186746
-0.03079002
0.06730715
0.11023582
-0.03129757
-0.09312908
-0.13956939
0.037159365
0.06314566
-0.1061049
0.09409147
0.032936566
0.071652256
0.0036638235
-0.10470157
-0.1687332
0.04551338
0.14021266
-0.030224027
0.061331034
0.07676141
-0.0029310822
0.06161121
-0.01675685
0.036091212
0.11860588
0.03260827
-0.04348868
-0.00997386
0.06646579
-0.053725615
0.04253427
0.014473356
0.026811091
0.09426141
-0.09555142
0.028765721
-0.019091474
0.029123332
-0.054866493
0.15044439
0.046000656
0.07872127
0.05381147
-0.005056422
-0.019189777
0.049191978
-0.07640629
0.0046252697
0.11249949
-0.0025887422
0.033698063
0.0019104297
-0.1016615
0.091202326
0.050125446
-0.098541714
0.024531974
0.04570628
0.019575218
-0.013201217
0.04831928
-0.14607349
0.10393282
-0.105177924
-0.011807307
0.268071
0.18065244
0.16139498
-0.029508296
-0.061778653
0.015515938
-0.027278775
0.034768943
-0.0066230646
-0.070808075
0.1960933
-0.107733965
-0.016219936
0.17099814
0.30676934
-0.058613002
0.08367636
0.00017556561
0.042916138
-0.049881842
0.05377178
-0.08293725
-0.026366366
0.008792396
-0.025544347
0.11046248
0.028144766
0.14915596
0.13720804
0.08179049
0.14992645
0.024887301
-0.00062728435
0.037488654
0.022361688
0.0054995418
0.14067313
0.070579655
-0.04982073
-0.013263627
0.04872883
-0.065274164
0.12794441
0.05938866
0.002316318
-0.044608843
-0.23939939
0.010126394
0.037945874
0.03976261
-0.026352314
0.14181021
0.119407095
-0.16335416
0.00946663
0.038451217
0.011822496
-0.13701905
0.03814634
0.056715798
-0.02332473
-0.041859016
-0.058866594
-0.11187194
-0.20079182
-0.014159894
0.07214391
0.02389157
0.0032239265
-0.043482624
0.0657084
0.0933463
0.024694432
0.08489121
-0.08494148
-0.03132326
-0.016625755
-0.04835673
0.12839301
-0.099487625
0.02267039
0.13184053
0.19788042
0.018741362
-0.064388335
-0.048324097
0.06612515
0.044070013
0.005673791
0.06330448
-0.045851946
-0.09235735
0.027114758
0.15959965
0.13088007
0.11019646
-0.03420375
-0.09049481
0.02752973
-0.1272273
0.13039902
0.007242838
0.15245444
0.0712027
-0.030449223
-0.034247193
-0.001935892
-0.057348125
-0.033029404
-0.05302496
0.08916579
-0.088748515
0.043518104
-0.018224394
-0.10974552
-0.04329776
0.1409039
0.06393911
0.0022227238
-0.080789566
0.041018575
0.23774087
0.015383904
-0.11745579
-0.05612499
0.07029052
0.037415333
0.21633217
0.12248669
0.04089128
-0.08186528
0.014904481
0.08910404
-0.028882846
0.10800984
0.24720138
0.009277036
-0.002757291
0.07337606
-0.017552577
0.11026668
0.03942465
-0.171409
-0.011794677
-0.0032818462
-0.016075186
0.017913958
-0.09714582
0.024184696
0.20778579
0.16692977
0.039942414
-0.116774194
0.061597887
0.02204683
0.13538276
0.06276777
-0.21615596
-0.07542793
-0.048960216
-0.07430251
-0.062363744
0.06082536
0.13057892
-0.09070196
-0.042976394
-0.042097274
-0.09741224
0.015745454
0.024978857
0.07968915
0.005114845
-0.11373743
-0.04801608
-0.0059868223
0.12239021
-0.06133482
-0.05335075
0.039216775
-0.05135336
0.014557624
0.0849837
-0.06706485
0.058787026
-0.05013613
0.004653202
-0.014808343
0.17171702
0.021775339
-0.013743194
-0.058024514
0.026248982
0.063086905
-0.075036615
0.026678436
-0.045583375
0.066381454
0.064941525
-0.0070872474
-0.12178753
0.16435316
-0.017688204
0.070096225
-0.103208974
0.046629988
0.04344909
0.0016258544
0.18820588
-0.024804085
0.10110298
0.048951123
0.021085003
-0.0282184
-0.0066893627
0.0062647145
-0.037567627
-0.08330782
0.097402364
0.0028432913
0.19893116
0.08142631
-0.07229221
0.12589824
-0.04765168
0.06447662
-0.04882884
0.04821687
-0.16478488
-0.14454557
0.1118002
-0.13520521
0.14367853
0.059123233
-0.03449187
-0.024488255
-0.028771564
-0.17254302
-0.0468886
0.08245933
-0.028272675
0.12557922
-0.0064991554
0.04867014
0.04264589
-0.0012948018
-0.07747803
0.030536199
0.005525221
-0.043306105
0.006382155
-0.043215267
-0.14889173
-0.022586603
0.04183804
0.035984
0.14397125
-0.07029097
0.07560825
0.055715986
0.047145583
-0.06554472
-0.01947825
0.09124809
0.043343093
-0.029193372
-0.0987321
0.067543656
0.057093434
0.004292942
-0.023004966
0.0081262365
-0.09284478
-0.103053406
0.06309824
-0.052758437
0.035898075
0.11874463
0.13116412
-0.077488735
-0.10353306
-0.0034715822
-0.01815277
0.09184399
-0.18168809
0.032572065
-0.08723602
-0.052472375
0.19757783
-0.05207516
0.1611554
0.0073495475
0.010245439
0.031290088
0.1705072
-0.03399784
-0.0397092
-0.019481335
-0.12254352
0.018879142
-0.042233985
0.09866146
-0.010338983
-0.02955855
0.015259688
0.067449436
0.032834113
-0.19486536
-0.007683241
0.10326864
0.07451767
0.12493065
-0.0702045
-0.036139395
-0.0004155727
0.016660778
0.10236873
0.05957015
-0.016131703
0.08308147
-0.06894879
0.04114495
-0.08129642
0.116816975
0.14368853
0.019292839
0.015433978
0.05604334
-0.037540298
-0.062642746
-0.009855833
0.081204504
0.0142337615
-0.09438898
-0.06009548
-0.052300762
0.04609895
0.0052991
-0.031225303
-0.0048243655
-0.066391006
0.00629907
-0.13372064
0.07417494
-0.016125508
-0.11020031
-0.072056
0.10327284
-0.10069559
0.03703736
-0.0075907893
0.05990262
0.05353294
0.004027938
0.029999446
-0.057874836
-0.04716588
0.036769677
-0.061624017
-0.057054035
0.12263022
0.0628805
-0.012615486
0.06524656
-0.02330092
0.006175851
-0.039215147
-0.05997812
0.11001398
0.107076555
-0.076619245
-0.14585955
0.07090124
0.14765526
-0.0044036764
-0.053592607
0.10795803
0.041947138
-0.21611208
-0.051722262
-0.08812696
0.10513654
0.005504968
0.1158729
-0.015874354
0.10156615
-0.076849826
0.0679514
0.0375392
-0.028658848
-0.10688183
0.15156461
-0.0032238732
0.020855458
0.038834255
-0.00016845361
0.06354939
-0.077985264
0.031904753
0.017595725
0.054149937
-0.20416649
-0.0068017584
-0.012614217
-0.005670672
0.28002244
-0.08179024
-0.04104635
0.15886314
-0.05413054
0.07862669
0.14314495
0.12854047
-0.006907431
0.12234643
-0.25439584
-0.024993071
0.050649308
0.056237426
0.092105806
-0.11244663
0.18058264
-0.17012902
0.09399555
0.020774998
-0.06210391
-0.001964275
-0.068985686
0.012916472
-0.031978104
0.0009699166
0.0699827
0.0448205
0.1544675
0.021777034
0.18217
0.0316145
0.09139749
0.17149498
0.0837021
-0.015825177
-0.024627777
-0.033003096
-0.041676372
0.14385696
0.13217387
0.10985027
-0.029277438
-0.14928938
0.049329713
0.12000532
0.15124792
0.17043993
0.11110632
0.012850438
0.23058718
-0.117416516
-0.03168797
0.13772431
0.100890756
0.07093027
0.14636406
0.26120475
0.15986721
0.038574878
-0.044082664
0.022063535
0.09886691
-0.048870612
0.40254372
0.32377055
0.17652065
0.10226973
0.025910424
0.033505708
0.17126842
0.038108543
-0.02437452
0.12556162
0.2186809
0.123886555
0.033070568
0.04327501
-0.0733368
-0.0042917803
0.18215707
0.14317146
-0.023397038
0.18765724
0.22177224
-0.07367923
0.06544463
0.078717284
0.062068276
-0.009552991
0.14427955
0.22712865
0.17448731
-0.24271145
-0.35232165
-0.0058676647
-0.059070785
0.021196522
0.25657314
-0.0110899005
0.14939702
0.026922554
0.04125597
0.023962185
0.12882738
0.10158564
0.02188513
0.37468174
0.13921878
0.39320678
-0.36311263
-0.5187854
0.082397215
0.06295278
0.08546012
0.3342445
0.16966456
-0.044051476
0.34069678
0.04423842
0.079933934
0.034363393
0.055374686
0.07470029
0.22877254
0.15697096
0.21438496
-0.17089908
-0.25725925
0.059974503
-0.15820172
0.33091947
-0.0059140106
0.17439061
0.12314479
0.11066642
-0.016780257
0.23105796
-0.2275482
-0.028198235
0.15226004
0.19953984
0.19710311
0.1274737
-0.094596565
-0.20352352
-0.058124475
-0.28823978
0.24351576
0.19653155
0.012262744
0.13153899
0.25827456
0.07412345
0.12333121
0.15632348
-0.007861621
-0.04440596
0.16189244
0.06599378
0.1435709
-0.18482628
-0.45873472
-0.0851438
-0.14559147
0.07103981
0.27244377
0.14944401
0.1939565
0.27135658
0.039963007
0.065253586
-0.102488436
0.037124105
0.10372185
0.22308902
0.30721152
0.098479465
-0.11600231
-0.56321865
