-0.14321132
0.099863045
0.08922406
-0.047273465
0.28491136
-0.059283648
-0.08811976
0.048833903
0.053699024
0.0056503466
-0.18090923
-0.028416554
0.119988315
0.08884268
-0.03829292
-0.03824387
-0.017786412
-0.0921099
0.058742154
0.030701214
-0.033989888
0.07628603
-0.08411644
-0.07305606
0.06154782
0.11882314
-0.081409946
-0.114676416
-0.011965708
0.0010681582
0.07025911
0.098845094
-0.14836872
-0.22459659
0.050521515
0.08202563
-0.02245176
-0.067365095
-0.026978415
-0.11191751
0.01277664
-0.08837489
-0.117828324
-0.14045213
-0.08997722
-0.07230629
-0.07714623
-0.06255226
0.009829508
-0.14344712
-0.099580325
0.11595375
-0.09340604
0.0881171
-0.0026966187
0.09293897
0.1558298
-0.1490541
0.15446237
0.16624391
0.121902205
0.19259168
-0.00523849
-0.072036944
0.058332164
0.27851865
0.0628526
-0.24239707
-0.13758336
-0.080168016
0.19866438
-0.05221779
0.060290743
0.06112806
0.07339348
-0.15554094
-0.022043778
0.11322968
0.03882616
0.04564827
0.10132239
0.031354386
0.21825886
-0.12576517
-0.1139385
0.18021658
0.060272586
-0.11536439
0.04506011
0.008371563
0.014422423
0.010977765
-0.0376127
-0.20075563
0.12468055
0.1864303
0.021118732
0.111659355
-0.024721486
0.16122133
-0.030968767
-0.16815978
-0.058696087
0.05189559
0.30004743
0.0064825406
0.044127226
0.09527939
-0.029612549
0.098699085
0.19254953
0.07096002
0.009138294
-0.039901815
-0.13989697
0.044722617
0.11919521
-0.18822758
-0.100790255
-0.2031003
0.06022691
0.06535552
0.004300514
0.09065295
0.1361795
0.040737532
0.16493785
-0.02166491
-0.10223509
-0.04821532
0.033033755
0.10347912
0.16373749
0.15628491
-0.057047296
0.056091413
0.05250157
-0.0857012
0.027096758
0.08250482
0.0395267
0.059261058
-0.033029415
0.058017798
-0.03510475
-0.10361219
0.09369311
-0.09978886
-0.00541271
0.06792364
-0.008809327
0.22460298
-0.10512024
-0.30712643
0.06986214
0.14910655
-0.020154279
0.02803193
0.034027826
0.055440824
-0.13020094
0.05601505
0.12878019
-0.034246463
-0.128953
-0.017515883
0.11175794
0.22340423
-0.106040485
-0.14820153
-0.08961522
0.10726767
0.067507334
0.028849041
0.06076762
0.13151817
0.06899288
0.20816478
-0.015181938
0.039394177
-0.0009724354
-0.13866974
0.029601222
0.030354995
0.20195821
-0.17685723
-0.24026862
-0.08335808
-0.027978765
-0.031432297
0.16094777
0.18718863
-0.23323883
-0.0012960065
-0.17664342
-0.10976599
-0.105601646
-0.05012798
0.23990744
0.11166023
-0.037617493
0.126206
-0.013500948
-0.14565189
-0.06395796
-0.015535591
0.25075808
-0.072985575
0.0062683057
0.09693311
-0.05182607
-0.019984042
0.08358403
0.043694694
0.1243141
-0.042469766
-0.09353254
0.16966966
0.037445497
-0.07823552
-0.100721695
-0.16144684
-0.010035491
-0.024734465
0.071565725
0.07157956
0.22836138
0.17969607
0.11691237
-0.01981705
0.017529689
0.066791914
-0.015394548
-0.001617304
-0.16575016
0.005830817
-0.10848346
-0.04203654
-0.0051385546
-0.22841938
0.0018218568
0.20753683
-0.019292934
-0.086792074
0.031877097
-0.048487004
-0.22802925
-0.015946945
-0.14526972
0.22810405
-0.1299539
-0.017758725
0.107292704
-0.14164805
0.038555354
-0.12967037
-0.03442091
0.1926126
-0.1445865
0.09576577
0.0913649
-0.017108127
-0.019239126
0.21295509
-0.14377917
-0.08102577
-0.17626351
0.02778438
0.047691815
0.01699161
0.025077408
0.12702943
-0.024611834
-0.12257133
-0.06667652
-0.013162857
0.0040872684
-0.13879088
-0.16171946
0.23938009
-0.06677872
-0.19241126
-0.07849493
0.104404055
0.0035058402
0.008100613
0.080159895
0.016495166
-0.11606061
-0.21595632
-0.039285813
-0.05273584
0.11545553
-0.0071282727
-0.17032258
-0.20882834
0.028282778
-0.12206666
-0.2938844
-0.088468194
0.014388433
-0.012209854
0.1135443
-0.0031168344
-0.041078612
0.14747
0.07458386
0.12973502
0.041006934
-0.038200535
-0.073782995
0.042560764
0.19946465
0.10606278
0.048760213
0.18176246
0.08098916
-0.07226741
-0.11135224
0.114185676
0.14590055
0.03085241
-0.08899028
0.01741073
0.018889735
0.10543346
0.14131898
-0.04113274
-0.21410012
-0.08395278
0.13121593
-0.024158793
0.11974766
0.039644618
0.12382768
0.013453555
0.009777836
-0.016289089
-0.037956934
-0.04388971
-0.15859021
0.16624174
-0.030109296
0.07430361
-0.14210472
-0.10009329
-0.0113318125
-0.077154696
0.014073718
-0.04968741
-0.031879406
-0.09982685
-0.010198105
-0.14696461
0.14103675
-0.041816976
0.12937851
0.037616055
0.22345246
0.15905662
-0.121518284
0.013426661
0.07833714
-0.016217219
0.039486066
0.09955167
-0.018189976
0.088207014
-0.31699568
-0.2111341
0.13404669
-0.047454022
0.26640537
0.035481106
-0.2073574
0.10853671
0.06911347
0.06002025
0.045264125
-0.10841985
-0.087754294
-0.12705314
0.0006418518
-0.05876311
-0.054504976
-0.0068439445
0.06574781
0.057373434
0.021463774
0.07371116
-0.008207353
0.08185243
-0.12683836
0.15064125
0.0017383393
0.080203585
-0.036750577
-0.095315404
0.03976654
0.05587693
-0.046942465
-0.0053371005
0.015848586
0.07619747
-0.02352123
-0.07785796
-0.15865888
0.1400575
0.08967465
-0.005998936
-0.050813317
0.014387571
0.14230543
0.011149822
0.18384285
0.10666275
-0.05165588
0.053485043
0.048721377
-0.09376184
0.028100157
0.20822404
0.039030034
0.084576786
-0.10204141
-0.18946691
-0.04177792
-0.0141917635
0.017734477
0.08940409
-0.04460653
0.046137825
0.0076026293
-0.027369145
-0.1139211
-0.074875556
-0.01129222
-0.07352873
0.0912295
-0.18621859
-0.06680307
0.021407515
-0.0005030453
-0.12086619
0.06530492
-0.032284893
-0.033910602
-0.032785878
-0.05055016
0.07811804
0.01827536
-0.09546265
0.007731721
-0.06668541
-0.0012354192
0.04015485
0.09522691
-0.07655199
-0.025543869
0.0028220753
0.11670393
-0.03934398
-0.02032818
0.020318896
-0.06565301
0.01726396
0.21402076
0.088689394
-0.1068682
0.10646181
-0.09106152
0.108843066
0.07340774
0.07763777
-0.07854445
0.050042093
-0.055810384
-0.048245918
-0.013846915
0.15807931
-0.17854461
-0.06483672
-0.043843117
-0.027562432
-0.1372174
0.12924133
0.0041975775
0.021712705
0.059874047
0.06895578
0.03710766
0.055575106
0.091713525
0.0345309
0.067711726
0.050940886
0.16964433
0.08448648
-0.079697244
0.13376625
0.21958643
-0.22996248
-0.06074915
0.1344603
0.08948421
-0.04445237
0.059131287
0.091572694
0.40772542
0.019955225
-0.040088832
0.05021144
-0.024518987
-0.00026764502
0.05322214
0.008474399
0.18179213
0.09487174
0.01650309
0.050816108
0.117645636
0.2255134
0.0094964765
-0.044930328
0.014594192
-0.17482404
0.077026844
-0.07972032
0.12229965
0.06700148
-0.086122714
-0.063677624
-0.100892395
-0.028819565
-0.14093278
-0.010210262
0.17863101
0.035018217
-0.021449784
-0.15121727
0.29803824
-0.04355467
-0.079902336
-0.058326654
0.0025522206
0.15779603
-0.13927038
0.17323476
-0.05825253
-0.060680646
0.14327341
0.14320818
-0.24560857
0.057088055
0.07566857
-0.05898605
0.08065976
-0.020561732
-0.002595806
0.49661803
-0.09537523
0.032337617
-0.08157067
0.06686407
0.043996267
0.10489026
-0.07752206
0.16099077
0.14518736
-0.0384327
-0.06049171
-0.011248454
-0.097875014
-0.077124745
-0.12034198
0.15579727
0.002227215
0.062307652
-0.075487
0.09027657
0.10952666
-0.009405407
0.05537281
0.035870437
-0.047826916
-0.053358622
0.030345405
0.06828066
-0.016490143
-0.01030985
0.0349772
-0.11818326
0.0819563
0.06843787
-0.021700554
0.12621747
0.05385996
-0.08749846
0.29559675
-0.040613994
-0.006870354
0.11559894
0.106705725
-0.18338798
-0.22953328
0.09609904
-0.04952811
0.109006085
0.08880954
0.036995117
0.2814205
-0.0981371
0.06588493
0.122069426
-0.026879441
-0.14426735
0.16675486
-0.06498829
-0.06431003
0.17755319
-0.011114651
0.03691335
-0.018334385
0.066324994
-0.13024345
0.01253747
0.008948524
-0.17298837
-0.06348178
-0.056280605
-0.009013548
0.09923222
-0.08426642
-0.08555885
-0.08978653
-0.050105676
0.11258363
-0.075784236
-0.06412809
0.0118719535
-0.0075867632
0.0287178
-0.009775816
0.05994614
-0.1263293
-0.048510533
-0.08977821
0.06350652
-0.0068164566
0.07688411
0.07153692
0.059290707
-0.047283284
0.055528052
0.013021845
-0.07616298
0.03225678
0.010284872
0.042189475
-0.06887599
0.0127687985
-0.07837413
0.10829922
0.074286506
-0.024521548
-0.07897377
0.029769463
-0.086950205
-0.006480416
-0.051194925
-0.070136674
-0.0123097375
0.119862266
-0.08813033
0.046510976
0.08892984
0.061803702
-0.042958945
-0.10820142
0.03653587
-0.18351352
0.15789168
-0.051582877
-0.13441375
0.11898719
0.058474794
0.061874665
-0.0198283
-0.020583484
0.08054323
0.0839575
0.05260103
-0.043877404
-0.06277058
0.10588292
-0.17977677
-0.092188224
0.010934427
0.016349332
0.09819066
0.026013564
0.08265963
-0.080929466
0.17352755
-0.050529838
-0.11870837
0.07300336
-0.12881114
-0.049605496
0.10290249
-0.048437465
-0.021480614
-0.09968674
-0.10071056
0.0067525543
0.049070988
-0.06469935
0.011026228
-0.042877257
-0.06321127
-0.064773776
-0.096497335
0.035658635
0.2101079
0.046523053
0.07675166
-0.0103050275
-0.14263646
-0.02359431
-0.059225623
0.11085002
0.049425587
0.09306797
-0.12591864
0.12971066
0.1538138
0.0583771
-0.03863485
-0.11687057
0.045801975
0.15493724
0.040034845
0.0229337
-0.14099981
0.12008286
-0.013361123
0.05879343
0.08461127
-0.38459858
0.023314254
0.033323117
0.26784706
0.043497387
0.013540793
-0.04561018
0.023206979
0.074702896
0.011799439
-0.13337275
0.032068964
0.029146498
0.07991633
0.04383639
-0.0005115435
-0.049903814
0.15140997
0.24007775
0.023327775
-0.049261846
-0.11007165
-0.022835098
0.010911801
0.05309697
-0.09070271
-0.0067955144
0.24514517
-0.10359501
-0.015124474
0.016132392
-0.0041922065
0.30004928
0.09761903
-0.10062812
0.07540666
-0.009343482
-0.0029446888
0.04614676
0.18222062
-0.00057149143
-0.022701409
-0.15242115
0.042355247
0.07440858
0.11103799
0.016580146
-0.067530915
-0.04279508
0.12851638
0.090544805
0.074204765
0.09588919
-0.12328549
0.091876015
0.11663739
-0.04914466
-0.12607577
0.0032436897
-0.03429395
0.04442195
-0.056959983
0.15202056
-0.14685936
-0.009386421
-0.06775304
0.1307851
-0.039734673
0.1320846
0.32067865
0.045809638
-0.024171753
-0.18321092
0.24192904
0.112931736
0.114340395
0.01873918
0.116291985
0.14736947
0.012969308
-0.06290601
0.09610724
-0.08900983
0.21013196
-0.066393524
0.09075392
0.07869959
-0.09333261
0.03170102
-0.067900844
-0.025761431
-0.07034082
-0.14311537
0.19463359
-0.08355401
0.039340906
0.06880717
-0.055581205
-0.07062088
0.013474222
0.15195058
-0.038952515
-0.039424192
-0.02617449
0.10161274
0.06312813
0.028864246
0.14273141
-0.12680478
0.10627846
0.020453207
0.014319917
-0.18616465
-0.041214306
-0.07851222
0.0013330277
-0.19669433
0.052359007
-0.04195317
0.10199569
0.34103936
0.23200925
-0.12079314
-0.11428679
0.06114474
0.3402986
0.06997612
0.16059962
0.24198203
0.16764519
-0.04277054
-0.046389617
-0.04271796
-0.12769862
0.20340084
-0.109487005
0.17579618
0.15738632
-0.045055903
0.11808827
0.16326323
0.07686928
0.050624788
-0.025326781
0.105831966
0.03898803
0.035560522
-0.049075156
-0.06912148
0.042749394
0.072100796
0.19133915
-0.007489378
0.17774002
0.11646978
0.09506132
-0.09991937
-0.03542941
-0.03835683
-0.11626295
-0.0269171
0.030148396
-0.031836398
-0.021321008
0.0703107
0.045753002
0.0144043695
0.16021957
0.23778397
0.12832841
0.11269435
0.11155116
0.21475877
-0.1478052
-0.07804106
0.07744751
0.08924575
0.10908334
0.15735674
0.06083413
0.13291769
-0.14406325
0.000101853875
0.024255192
-0.031596057
0.19691975
-0.1156521
-0.011663008
0.2031772
0.11424108
-0.050334904
0.084790275
0.17904386
-0.053673215
0.007110543
-0.009655493
-0.19988728
-0.11458734
0.13947357
0.114685126
-0.1578595
0.019911263
0.003760208
0.13484272
-0.18476123
0.18570161
-0.058385365
0.0478501
0.001148385
0.05568559
-0.007203662
-0.1793282
-0.04635286
-0.15632416
-0.12337113
0.16356847
-0.0070997523
0.04177484
0.045673326
0.23144755
-0.08680095
0.053573936
0.12227959
0.14122337
-0.015872087
0.022955721
0.18663186
0.124236956
0.11174405
0.14568855
0.07225463
0.26870206
-0.27831873
0.027774971
0.31809023
0.01004387
0.11640469
0.033364337
0.08255289
0.013826047
-0.006970262
0.01233549
0.2263453
0.0031273204
0.0688127
0.03135239
0.08170884
-0.06966185
-0.003877562
0.05640429
-0.091714986
-0.017074058
0.01897156
0.010961187
-0.104849935
-9.0844136e-05
-0.031219805
-0.19782533
0.17741357
0.1410799
0.08024625
-0.099212766
-0.001548075
-0.040630482
0.0015695737
0.04906921
0.06735682
0.07845185
-0.07091487
-0.11290113
0.21396527
-0.00282876
0.11271932
0.20230705
0.1191149
-0.00919978
-0.012288421
0.26186997
0.111051366
0.08671098
0.09080689
0.020084964
0.22057952
-0.059568264
0.024346985
0.08542945
0.12097728
0.1115747
-0.007870325
0.007751856
-0.03779521
0.14793785
0.069651425
-0.0705782
-0.023629839
-0.044441827
-0.049867738
0.015937343
0.052816596
-0.008973325
0.091850825
0.017753143
-0.02484799
0.023276204
0.09196406
-0.066102885
0.0073002786
-0.03028914
-0.17617126
0.28308946
0.000787773
0.03890009
-0.0042345985
-0.08309856
-0.10676011
-0.021943368
-0.15165576
0.096330486
0.013798375
0.06282497
0.11336836
0.031286538
0.05714425
-0.06688814
0.13465668
0.037266057
0.14649557
0.12910044
-0.0753689
0.061974246
0.017412223
0.0028299869
0.11977758
0.044059996
0.010099981
-0.11024336
0.022509027
-0.0046513034
-0.13569288
-0.020579726
-0.084377006
-0.16717717
-0.009971244
0.12718657
-0.013385377
0.079914644
0.08286267
0.10366565
-0.0056064213
0.027775101
0.059894577
0.11391773
0.22281884
-0.009784031
0.044983618
-0.08524516
0.0786051
0.09057114
0.10606027
0.17410618
-0.059728015
-0.16139358
-0.025356004
-0.03360763
0.06951211
0.1613734
0.0664
-0.02531048
-0.015661927
-0.16496994
0.08659363
0.0632961
-0.1389841
0.013978557
0.0053050583
0.012617241
-0.079968914
0.078897595
0.18662032
-0.038764436
0.0086294515
0.10168673
0.01357625
0.079474
-0.023257853
0.13609329
-0.11692415
0.09253866
0.14611065
-0.16663863
-0.019992342
-0.1320343
-0.064884305
-0.07044166
0.080489434
-0.1042778
-0.08744708
0.0059329895
0.17369628
-0.017934537
-0.02037573
0.0701428
0.070907295
0.13197018
-0.0388385
-0.044311613
0.061432853
0.063962445
-0.06609652
-0.11062935
0.14098915
-0.09975285
-0.057445746
0.0090195555
0.00015599454
0.20099284
0.10839914
0.056858752
-0.13124634
-0.011669633
0.042389203
-0.120586164
-0.012752771
-0.05809714
-0.070591636
-0.09640319
-0.0986607
-0.01910774
-0.11056277
0.035102084
0.13892736
0.02653233
0.093375765
0.10792098
-0.0675986
-0.0053735147
0.015608445
0.076879546
-0.0364214
-0.13334702
-0.115463026
-0.04689969
-0.14667748
-0.11291709
-0.14329988
-0.07647685
-0.03507846
-0.10255101
0.09353363
-0.01846712
-0.16227223
-0.21549952
0.057442702
0.21519274
0.08647485
-0.08085574
-0.04730586
-0.23262972
0.042679485
-0.08577478
-0.34462574
-0.055177543
-0.1808287
-0.03897041
-0.12020621
-0.07035703
0.08541678
-0.042228036
-0.021226415
0.02185628
-0.070290014
-0.15607816
-0.06878547
-0.153021
0.039811738
-0.09017436
0.1205522
-0.04834869
-0.06927589
-0.058546465
0.13642439
-0.060248554
0.20917507
-0.035963453
-0.109040275
0.031077202
-0.01299375
-0.049756907
-0.0008719712
-0.037255198
-0.03818675
-0.009647953
0.07841183
0.03900785
-0.050214257
0.12027601
-0.19923545
0.060783908
0.025451671
0.014619557
0.047029257
-0.027519105
0.024801588
-0.06707159
0.0339586
0.022564763
0.13343729
0.10771916
0.080285445
0.06839718
-0.18516335
0.05779119
0.053090546
-0.108911686
-0.11328245
0.0164634
-0.038889993
0.15782464
0.1910329
0.009329507
0.08546541
0.0021442736
0.057355225
-0.020057412
-0.046623144
-0.18896566
0.061147906
0.110385716
0.18650346
-0.036777403
0.08426305
-0.00877103
0.022953862
-0.023492936
0.013411691
-0.0028566606
0.20249525
-0.0930118
0.13868977
-0.014736835
-0.09218151
0.027755829
0.05800935
-0.121081196
0.14231479
0.04313236
0.02784488
-0.13397114
0.03801288
-0.030518934
0.20485443
-0.12222606
0.041118886
0.06895161
-0.10831951
-0.041279208
0.107323624
0.009980737
0.10858312
0.048806105
-0.12631422
-0.20122865
-0.017783947
0.13908556
-0.11745325
-0.016901473
-0.013156068
-0.021965152
0.17152633
-0.06605546
0.28861064
0.12393106
0.0046638744
-0.016894126
0.119489305
-0.025144624
-0.10280692
0.12426527
0.07444726
0.039358627
-0.039816823
-0.009547821
-0.05513271
-0.0031015992
0.15387069
-0.015628202
0.049208313
-0.15206735
0.055908103
-0.107960425
0.06279736
0.00054392754
-0.2014491
0.04855862
0.0003668925
-0.13141768
-0.13513105
-0.018145882
-0.14598048
-0.10557302
0.06929465
0.060479123
0.12604588
0.10843678
0.22217
-0.020229645
-0.08349998
0.046436373
0.0065129385
-0.0625942
0.15146089
0.08145228
0.08473932
0.119079985
0.08636026
-0.14715847
0.0266296
-0.020635497
-0.10570451
0.040962588
0.08754089
0.12419253
0.07753074
-0.02272346
0.02331861
0.011414212
0.024578424
-0.16937628
-0.0960527
-0.14290346
-0.02881
0.03429941
0.15329832
-0.013880726
-0.08506187
-0.09280286
-0.07079232
-0.09491601
0.143173
-0.021755217
0.0012575506
0.014029885
-0.14167829
-0.06576393
0.06262482
-0.19805741
-0.015452652
-0.054148022
-0.19154082
0.09678625
-0.025237443
-0.12944241
-0.022558175
-0.07444401
-0.10249501
0.029272253
-0.22355834
-0.1798916
0.006738985
-0.10583673
-0.0370912
-0.094688565
-0.11336443
-0.086133204
0.061252605
-0.0641713
-0.099668376
-0.198952
-0.26159033
-0.09600649
-0.10574923
0.06476085
-0.031612936
0.04250813
-0.00047649862
-0.078631334
-0.08545387
0.05314101
-0.16269344
-0.09195557
-0.10482916
0.010963397
-0.070987724
0.0859454
-0.07059185
0.041757807
0.119284675
-0.058625817
-0.09587587
0.12006185
0.23221922
-0.09141424
-0.08414445
0.096883155
-0.11685153
-0.00783178
-0.09621558
0.064833194
0.12545107
-0.086601436
-0.1204888
-0.111896
-0.077993095
0.1318238
0.014160611
-0.13126895
0.11663179
-0.04424761
0.055948243
0.1424096
-0.09419401
-0.07518056
-0.04132219
0.028336229
-0.12891293
0.026814196
0.0029677697
0.17958936
0.17303428
-0.12985748
-0.0019532272
0.027654575
-0.028479395
0.115094066
-0.018468754
0.037326206
-0.015132914
0.004136398
0.04510577
-0.002622931
0.010459873
0.1627222
0.1263965
0.19304241
0.06273551
-0.046905614
-0.08765034
0.053757735
0.07956599
-0.056626897
0.22527727
0.024822347
-0.064652175
-0.12938714
0.1447319
-0.09128944
-0.072016135
0.016441753
-0.03433885
-0.03157141
0.035530344
0.0760532
0.07121635
0.040788393
-0.13212724
0.016789747
0.058219686
-0.041152265
-0.070391454
-0.27892083
-0.11524565
0.041176803
-0.00670074
0.04018945
0.00013219306
-0.016539244
0.05344503
0.0965411
0.02838467
0.02801243
0.09651817
-0.04902298
0.09609607
0.057876192
-0.05435976
0.08387824
0.014329917
0.033617858
0.06405959
-0.03547877
0.06852682
0.13917664
0.070129275
0.136105
-0.09755919
-0.03285624
0.022122355
0.16102695
0.07610818
0.028104667
-0.05773445
0.2320441
0.22533797
-0.022198644
0.11969666
0.029290836
0.124324664
0.21373592
-0.10097264
-0.009732647
-0.031213254
0.19644311
-0.10986634
0.054092597
-0.073540024
-0.06337022
-0.18254174
0.07794773
-0.070163324
-0.11250531
0.013776935
0.09058533
0.019462982
-0.022011967
-0.1692496
0.015853163
0.020521434
0.019548181
-0.023547702
-0.23867953
0.011945471
-0.062851146
0.026597556
0.035705432
0.15005723
-0.1781677
-0.26769453
-0.04044732
0.13181277
-0.14522284
-0.021577531
0.09491281
-0.082692765
0.28310668
0.27546126
0.18627413
0.0921906
-0.08182906
0.19928518
0.41078314
0.04213455
0.02810162
0.19514094
0.16195846
-0.061259653
0.026430456
-0.027861988
0.14529218
0.10480401
0.005512474
0.07394049
-0.02773054
-0.036947433
0.020786965
-0.025256075
0.061711382
-0.08099933
-0.05636436
0.02904106
0.044592887
-0.123782195
0.15342718
-0.1377036
0.04426567
0.028730217
-0.0096084215
0.0072142114
-0.062088754
0.0322819
0.088556334
-0.03181131
-0.12041386
0.029689098
-0.039457172
0.13540639
0.11497747
0.049566954
0.109331645
0.0136527745
0.13600592
-0.0630313
0.047505856
-0.0025013157
0.05726057
0.09487273
0.010895495
0.2323512
0.08659485
0.21868256
0.19455127
0.10656438
0.05731268
-0.025828458
0.29204145
0.18600516
-0.22906123
-0.017443215
0.12815723
-0.0066849072
0.1819015
-0.098705076
0.010599988
0.08681971
-0.021859966
0.018836813
0.021867579
0.061586667
-0.0746502
-0.10039385
0.02717143
0.01439886
0.103859045
-0.11868049
0.07291457
0.0880019
0.086334206
0.049031034
-0.0059164236
-0.20537484
-0.1423089
-0.029181553
-0.037450273
-0.11142101
-0.009149203
-0.121093154
0.08926524
-0.04929956
-0.11515087
-0.025130888
0.15117003
0.021584773
-0.0073363082
0.034470823
0.056947473
-0.018958107
-0.11953401
0.069919504
-0.27286196
0.117247574
0.031873953
0.10643378
0.020014198
-0.07973228
0.028935978
-0.0142260995
-0.14179431
0.06820731
-0.035258263
-0.019516882
0.0412105
-0.10954995
0.033506054
-0.17706524
0.011674012
0.10327183
0.015601148
0.008884561
0.12741104
-0.1338865
0.12963292
0.0010567858
0.012422695
0.04402264
-0.15660365
0.14435162
0.100330375
0.02147541
0.115076885
-0.048980154
0.041580573
0.19343585
-0.05631157
-0.0032203975
-0.036171105
-0.050307874
-0.01728227
-0.023443257
-0.17992875
0.14314684
-0.015210946
0.09641527
-0.0982134
-0.007379228
-0.05677005
0.04657796
-0.078595944
-0.15148021
-0.14424323
-0.16127597
0.06429738
0.03162363
-0.15316193
-0.09511267
0.07059804
0.06463288
0.17974977
-0.14988077
0.12167307
0.077844776
-0.054505426
-0.105767585
0.076903895
0.088652186
0.068262875
0.07092783
-0.008838843
-0.0076093455
0.034845956
-0.015189848
-0.115768366
-0.085831225
0.1695028
-0.016966103
0.009052326
-0.13787922
-0.08676874
-0.11479791
-0.020908035
0.20040588
0.0459011
0.14482133
-0.08823553
-0.12717904
-0.028397735
0.09260928
-0.048136894
0.094616026
-0.10803557
0.033501264
0.08630156
-0.025227327
0.002420535
-0.003605056
-0.045189068
0.061364368
0.36075816
-0.022882652
-0.030551087
-0.22106172
0.03168734
0.046323873
0.14891447
-0.011781289
-0.1040387
0.09718494
0.095427826
-0.059433702
-0.09809832
-0.10424073
0.0022536337
-0.012357607
0.046814997
-0.17788799
0.09097964
0.050433524
-0.069138646
0.069760665
0.06752798
0.019495934
-0.011912166
-0.03080984
-0.024322676
-0.11269801
0.15353361
-0.012192067
-0.03424426
0.048827518
0.01466095
-0.057902105
0.03552121
-0.032354914
0.08347238
0.052577347
0.050717648
0.041049343
0.0839745
0.16778752
0.090144046
0.1048291
0.11565043
0.14609864
0.00013427986
0.15133534
-0.15720478
-0.08284042
-0.08173269
0.106231116
-0.001782223
-0.08712912
-0.07553363
0.010237234
-0.10799959
-0.1316911
0.013845823
-0.16271198
0.050116856
0.026635736
-0.046422813
-0.051550433
0.035728075
-0.12019142
-0.124827705
0.13948262
0.002445957
0.033862744
-0.10491683
-0.09820737
0.10496607
-0.023153067
-0.002376154
-0.16052714
-0.23130266
0.021674167
-0.017689452
-0.12261771
0.05482596
-0.09005112
-0.09076724
0.0123976935
-0.010869721
-0.04999164
0.041242473
0.006154908
-0.083817184
0.045599524
-0.22074188
0.06739037
-0.11051542
-0.19898397
0.11719605
0.033999648
-0.0074149864
-0.069163755
0.053991
-0.11818752
0.06379954
0.08350173
-0.181555
-0.06221573
0.07681058
-0.03472157
0.16940777
0.05964069
0.034776114
-0.05363799
-0.12852839
0.117580876
0.10622456
0.002748596
-0.051621787
0.07301498
-0.13000888
0.076576665
0.084031135
-0.21495691
0.06432502
0.057809714
0.039259747
0.1074985
-0.081083566
0.101166286
-0.1357861
0.0021339073
0.12264492
-0.16464588
-0.043455325
0.05144206
-0.038542185
-0.12181676
-0.019424463
-0.050429836
-0.01713846
0.0024742058
0.050337307
0.087221846
0.15632805
0.00902808
-0.029940793
-0.11010201
-0.060254302
0.104689226
0.0788393
0.048214678
0.091785856
-0.14146467
-0.11743207
0.0960357
-0.030818203
-0.14855556
-0.10328666
-0.123734124
0.14311817
0.01742306
0.053926528
0.12199107
-0.018651415
0.06611321
0.0011251937
0.021210253
-0.19090433
-0.07699681
0.07414539
-0.0801386
-0.012006485
-0.08971227
-0.05984736
0.07623836
-0.014830168
-0.19012211
-0.10797784
0.03544881
0.003490362
-0.083617575
0.07058345
0.062050384
0.14666444
0.029950848
0.056465678
0.01989399
-0.061237965
-0.0100529855
-0.09108772
-0.08254094
0.042004842
0.04019046
-0.100560546
0.015165105
0.15388303
0.09898887
0.10690202
-0.06057457
-0.006706984
0.10765921
0.0016894207
0.08251987
0.061111752
0.087408975
-0.09589598
-0.0610374
-0.15632585
0.10583393
-0.06271424
-0.052095763
0.18915297
-0.11018523
-0.10246948
0.04464438
0.18872292
-0.028584657
-0.032761108
-0.010082716
0.16955674
-0.1531245
-0.013190974
0.0023278731
0.008348652
-0.00904441
-0.020289322
-0.006866501
-0.10043461
0.077945374
0.13977954
0.04111158
0.03521456
0.15286039
0.1587679
-0.06715453
-0.24086219
0.18545793
0.04129936
-0.041118808
0.0846073
0.06344586
0.015341563
-0.12178453
-0.034160588
0.031937607
0.14486732
0.035767656
-0.0055295913
-0.06841688
-0.008143882
0.07994536
-0.05302998
-0.23271303
0.0046319654
0.040887956
0.012630483
0.031866647
0.11015575
0.099253975
0.08937923
-0.060931303
0.06672448
0.14518312
-0.041892547
0.04461144
0.23234466
0.025131783
-0.0073454836
0.04851019
0.113330424
0.02899835
-0.07238251
-0.037589815
0.14723355
0.09130593
0.16982682
0.05538066
0.042693965
0.14932409
-0.022069728
-0.10116919
0.025840292
0.13704467
0.04444484
-0.042199157
-0.028664747
0.009575187
-0.19380105
-0.094409324
0.042721774
-0.05375876
-0.12115681
0.04401979
0.036038343
0.024815606
0.21244879
0.15535152
0.013674574
0.0063741887
0.08012652
0.062679425
-0.09825589
-0.009476526
-0.002722285
-0.021199817
0.034449525
0.07068748
0.09085761
-0.015132768
0.118212655
-0.09433458
0.17717272
0.2833512
0.15666537
0.005095261
-0.025340727
0.13794422
-0.068797775
0.10201459
0.24684852
0.16939493
0.2681331
-0.014510423
-0.12674518
-0.049497563
-0.014413787
0.21167324
-0.06011444
0.004232295
-0.09597446
0.003777965
-0.04620368
-0.02293615
-0.0022086746
0.04556452
-0.18208922
-0.024613075
-0.006837728
0.06167484
-0.03831555
0.10197513
-0.01919004
0.09706272
0.096173264
0.011454299
-0.043146737
0.1576308
-0.14682633
-0.00055150356
-0.071573384
0.04241825
0.051052283
0.026953537
-0.0033869364
-0.11880764
-0.07504319
0.004562102
-0.016879655
-0.057679534
0.18732518
0.08063049
0.11568501
0.023458382
-0.13230696
-0.07300333
0.034573223
0.19198507
0.029400432
-0.053880665
0.06522843
-0.027474934
-0.04314015
0.028904948
-0.14445876
0.046774033
0.061896544
0.0577396
0.09060579
-0.07285684
-0.061559457
0.061671104
0.03340792
0.07511034
0.17319117
-0.08937079
0.01155968
-0.02722348
0.0052938997
-0.07295065
-0.07447562
0.06942949
-0.027078899
-0.00894285
-0.17365259
-0.0782435
0.030750327
-0.0156168435
-0.19635232
-0.003998482
-0.064149186
0.07093201
0.018634642
-0.050786626
0.208087
-0.06192379
-0.14221083
0.1478661
-0.109588794
0.052728925
0.1402275
-0.0699003
-0.04635042
-0.06160104
-0.11398573
0.1129335
-0.113264844
0.098013975
-0.04134412
0.07244446
-0.03514526
-0.0136686135
0.28063878
-0.021777883
0.040079463
0.03959976
-0.063250326
0.07547518
-0.012626688
-0.14103626
-0.0367767
-0.004524772
-0.076239295
0.012610988
0.00636389
0.07548594
-0.099102534
-0.1892514
-0.17588452
0.024602916
-0.0015874062
-0.065620616
0.11365373
0.07452226
-0.006168592
0.013706978
-0.024833245
0.053934965
-0.025531005
-0.1635907
-0.017871346
-0.09058262
0.009283297
0.13996112
-0.15109694
0.25363144
0.036733087
0.04761938
0.07655519
0.035881072
-0.030191937
-0.09836582
0.24030842
0.031521264
0.056598816
0.046957646
-0.034035377
-0.091628686
0.013384792
-0.0165438
0.06614804
0.011186553
0.013991826
-0.086539015
0.058645554
0.03672239
-0.057482414
-0.20803936
0.040495876
-0.081422366
-0.16338053
0.07855666
0.08223252
0.003759958
0.024301372
-0.19349633
-0.0064440267
-0.07262203
-0.025421152
-0.024193479
-0.0011052382
-0.18376105
-0.14020841
-0.06027568
0.045519285
-0.03383894
-0.017391792
0.045986168
0.12830451
-0.034735087
-0.08813481
-0.014166542
0.1011531
0.040086288
0.047810327
0.029822716
0.013684365
0.13411765
-0.02454409
-0.1732608
0.041917056
0.089703165
-0.050812308
-0.05109562
-0.09295167
-0.030836614
0.039276544
0.06902284
0.055710837
-0.12382978
-0.059028994
0.09521437
0.110334374
0.0032352493
0.03776244
0.057131782
0.08398014
-0.269985
0.16004826
0.10258647
0.030936131
-0.13875918
0.043321326
0.020795142
0.21638438
0.032630067
0.23283824
0.0052271197
-0.080853246
-0.0019784863
0.069123484
-0.10570912
0.07878617
-0.09714837
0.07957728
0.034124132
-0.11648907
-0.1839901
-0.30087194
0.024281105
0.06727557
0.08969705
0.01417386
0.2063284
0.11442514
-0.09835566
0.091344595
-0.1854617
-0.08366095
0.018606393
-0.20180155
0.15901808
-0.04447941
-0.011084651
0.101195395
0.09558606
0.12293447
-0.03806649
0.021070113
0.019869195
-0.2882339
-0.031140251
-0.052889723
-0.10079959
-0.087968655
0.01858198
0.09434302
-0.17271738
-0.04297161
-0.06959405
0.12693134
0.028096283
-0.29824048
-0.088791646
-0.075090945
0.06884865
0.0787986
0.09581398
0.12347251
0.061952323
-0.0998213
-0.006484824
0.029325716
-0.0021440017
-0.0045498786
-0.022885945
-0.012267012
-0.15970868
0.18467504
-0.19905622
-0.1706538
0.034462705
0.18714225
-0.21373603
0.13504367
0.026744574
-0.17981526
0.1359226
-0.15441225
-0.104262345
0.004344672
-0.12741138
0.17960797
0.012241134
0.0134524675
0.10885784
-0.014571465
-0.038955532
0.022508608
0.018291999
0.18336451
-0.13800469
-0.12649019
0.11871279
-0.11129935
0.12113946
0.057713106
-0.021653544
0.0037472972
-0.15819263
0.062454276
0.04005601
0.0608021
-0.029384594
-0.06303207
-0.22333537
-0.19781487
-0.03939325
0.009692383
0.15790203
0.16364498
-0.1343386
0.20763211
0.09775626
-0.16564423
0.043484416
-0.19709738
0.19199981
0.082167275
0.09211867
-0.14005353
-0.09601907
-0.090609364
-0.043894358
-0.056124013
0.1969805
0.083340116
0.19044426
-0.04508545
-0.19725968
-0.10260237
-0.27226797
-0.2518979
0.16407923
0.1403534
-0.009697084
-0.005939259
0.02787865
-0.16612062
