0.0042292955
-0.084338844
0.10294762
0.02416898
-0.14002573
0.036763106
0.10529845
0.014554838
0.107058346
-0.02217143
0.05005134
0.040356398
-0.071376815
-0.07524867
-0.05253173
-0.098010704
0.073923506
0.13453314
-0.036338832
-0.04928381
0.121629894
-0.08637246
-0.16087697
0.027416043
0.080270045
-0.018937374
-0.036964737
0.03395859
-0.02507789
0.06266854
-0.00380346
-0.061410807
-0.17213939
0.07651978
-0.13292588
-0.06384787
0.13367681
0.10357016
0.037832268
-0.11353954
-0.05678393
-0.061984327
-0.20098515
-0.070467405
-0.034649424
0.013199724
-0.057752185
-0.05857823
-0.10049654
0.06984854
0.03446774
-0.20023328
-0.012339179
-0.0063907844
0.06906112
-0.08647523
-0.0021017871
-0.09144479
0.07536227
-0.0019282541
0.089666486
0.0066720885
-0.14234023
0.02235089
-0.008203774
0.07833436
0.06364213
0.02196015
-0.1149442
0.006260687
-0.039380968
0.07890917
-0.065046385
0.16790421
-0.1029804
-0.04454084
0.08042814
-0.011446026
0.11464936
0.06586411
0.005969803
0.0750034
-0.11078614
-0.005534739
-0.1191857
-0.055761985
-0.04990899
-0.01778497
0.06591222
0.015778946
0.066400655
-0.0948716
-0.025010306
-0.054463305
-0.19794701
0.14392444
0.17012392
-0.019587362
-0.07428254
0.017569333
0.16191304
0.039611828
-0.0719838
-0.07660097
-0.019283958
-0.0104559725
0.14641564
0.033440333
0.01908952
-0.11377143
0.039667632
0.07384771
-0.024689108
0.05320831
0.039195012
-0.013061101
0.04928375
-0.044283114
0.017504139
-0.083844446
-0.0017734532
-0.1472726
0.0580021
-0.066261515
0.038520366
-0.1728805
0.06813539
-0.010634046
-0.012914209
0.07933229
-0.041378383
-0.062174205
-0.04678716
0.1842504
-0.13102145
0.011600953
-0.0583693
0.020378865
-0.096592434
0.00096370315
0.17569162
-0.03458581
-0.09533938
0.11065741
-0.077440806
0.15470904
-0.05956887
-0.081019185
-0.08131832
0.034460712
-0.09620196
0.011142492
-0.13089783
0.028461562
-0.05229371
-0.11580047
-0.057509072
-0.060060065
0.051492937
0.070810005
0.21071371
-0.065807715
0.074276
-0.12508556
0.05360706
0.054055892
0.12485305
-0.13041379
0.21112417
0.12538487
0.19413401
0.07705786
-0.15640013
0.0388075
-8.7788365e-05
0.010997284
-0.06639384
0.12282276
0.035619926
0.042331252
0.06963588
0.089020155
0.0037898836
0.027680365
-0.029676797
0.013870531
0.017948132
0.17593156
0.08464472
-0.0011188078
0.123125605
-0.012553412
-0.13958748
0.059127335
0.049268913
0.10679671
0.06703408
0.07150146
-0.04190449
-0.029365279
0.0005346942
0.10825005
-0.09993415
0.044050355
0.08186737
-0.06176751
-0.05123888
0.07124003
0.044761386
0.0070375116
0.046719756
0.09595641
0.1429622
-0.087868445
0.1240169
0.06614213
-0.0014888097
-0.009505558
0.050199445
0.052520446
-0.0062914663
0.09733207
0.21087171
0.04775007
-0.11222947
-0.0072840615
0.21147425
0.07162585
0.039057888
0.07672479
-0.06346025
0.036311843
-0.028863402
0.11746993
0.104800634
-0.10672801
-0.018170372
-0.014916546
-0.07225933
0.1361086
0.014643542
-0.13180095
-0.04655815
0.036250472
-0.045989998
0.06596689
0.10979626
-0.024747647
0.021591147
0.04764416
-0.054945376
-0.09899867
-0.052943975
0.12399792
0.18621148
0.1139504
-0.065181404
-0.009114461
-0.12501873
-0.04080716
0.01977632
0.010602593
0.00019212159
0.116104215
-0.04560585
-0.07440514
-0.13545877
-0.05745324
-0.10299582
0.07888679
0.021962676
0.11028799
0.18850765
0.028826093
0.10027801
0.045839112
0.032378405
-0.026317049
-0.09889716
-0.04471008
-0.06949895
0.064110674
-0.0045436155
-0.0821985
-0.015877863
-0.09415728
-0.008271313
0.11012674
0.071060784
-0.12832427
-0.0064321137
-0.013058629
-0.022682132
-0.11867782
0.1192634
-0.03287949
0.036927566
0.08889328
0.008327732
-0.13543867
-0.119459644
0.078483336
-0.031037748
0.0062949043
-0.0951682
0.19923271
-0.057535805
0.09095134
-0.14395458
0.10036279
-0.088134415
0.11352971
-0.11675205
0.043269817
0.015220937
-0.0761604
0.032119457
-0.016694123
-0.1839509
-0.13750365
0.03934556
0.11486046
0.013685079
0.06209475
-0.11504273
0.09949831
-0.08875558
0.0017931428
0.008696553
-0.14198615
0.09832295
-0.062420495
0.054229543
-0.18809006
0.052122552
-0.03286543
-0.06119334
0.12960294
-0.08779365
0.060824472
0.059184395
-0.074289754
0.0867618
0.08069035
0.0004814917
-0.071245916
0.030390896
0.13762337
0.05155789
-0.10145146
0.16156998
-0.0008960639
-0.047029752
0.049552545
-0.022067953
0.12648258
0.03611349
-0.065080024
0.061475847
0.028486358
0.0065290304
-0.1161597
-0.021231005
-0.099661954
0.068552256
-0.05700367
0.045615476
0.034513988
0.019758534
-0.135595
0.031125814
0.09277061
0.013134491
0.059607737
0.11323195
0.0699364
0.040144585
0.08684902
-0.066742264
0.14168404
-0.030908715
-0.11011963
0.013332018
0.017393574
-0.06293263
0.07761534
0.061130147
0.07302767
0.0023753261
-0.05966552
-0.07777194
-0.007430442
0.001092253
0.06697896
-0.0034119117
0.1549545
-0.13020149
-0.009655879
-0.06949755
-0.08845806
0.07080904
-5.8705253e-05
0.0015439999
0.06232729
0.047746256
0.03344898
0.033779856
-0.09567866
-0.08295382
-0.01113149
0.14040402
0.082733326
-0.026407743
0.09308482
-0.17309509
0.06640774
-0.059714533
0.0035504997
-0.16623421
0.09582995
-0.035392415
0.03524794
-0.060887642
-0.02864209
-0.1210738
0.024787359
0.051920537
-0.12255488
-0.07658938
0.06605428
-0.0599882
-0.18599597
0.085032485
-0.03778291
-0.06677913
-0.13615687
0.023839533
-0.09544491
-0.07874393
0.06045288
0.017353611
-0.021660795
0.12908457
0.004575457
0.1353466
0.06232076
-0.013236897
-0.029748876
0.027592052
-0.07539749
0.20921978
0.017019594
0.08151227
0.044704128
0.025146173
-0.13823748
0.11766335
0.008160244
-0.039943103
-0.1265937
0.012253265
0.053417653
0.018527137
-0.08490436
0.11724387
0.083210126
0.09834645
-0.026872166
0.024650704
-0.030774629
-0.07297663
0.17993155
0.0038771185
-0.12066552
-0.0616283
-0.005669525
-0.040088512
0.04047788
-0.008795422
0.084849395
-0.11502346
-0.10327014
-0.0063790507
0.11873943
-0.025847096
0.031869996
0.039834548
0.16343196
0.053403467
-0.03398092
0.044353694
0.07319872
0.137646
0.02039161
0.22149168
0.103671625
0.14210424
0.14403841
0.051978055
-0.025634639
0.13061984
0.07282314
-0.0015992589
-0.043185465
-0.052224264
-0.04584227
0.06787644
-0.12710652
-0.027589263
0.10885349
-0.17807397
0.007339461
0.17405464
-0.007921433
-0.15588933
0.050601188
-0.12953153
-0.096409075
0.09022151
0.037921656
-0.060454667
0.03818997
-0.10416791
0.13848378
-0.12886631
0.010030622
0.027273687
-0.02043156
-0.053877074
0.117071494
-0.093569934
-0.023053411
0.007393725
-0.1079748
-0.06784089
0.025622794
0.07301731
0.093076706
-0.038585387
-0.05449565
0.021129485
-0.116762236
0.25389767
0.33809233
0.15388799
0.013385967
0.10683178
0.09251229
-0.009814111
0.05372578
0.03307983
-0.1557298
0.07773964
-0.00028612744
-0.14845075
-0.0060489504
0.07343841
-0.096500665
0.030644922
0.10667367
0.04581827
-0.022560446
0.15971522
0.065958925
0.13852969
-0.09311675
0.051099766
-0.07871397
0.07544762
0.068268806
-0.06657485
0.02502994
0.024174437
-0.02388786
0.0052582007
0.07088288
-0.043161273
0.14605185
-0.2125219
0.08270755
-0.06504886
-0.055295493
0.054901913
-0.061093707
-0.019623427
0.06410761
0.03424133
0.055889595
0.07060633
0.06013951
0.061254043
0.043199506
-0.10958649
0.04080725
0.15788113
0.08938422
-0.004076604
-0.048518833
-0.02174513
-0.030174403
0.092124
-0.043223307
-0.23180348
0.020780789
-0.009919531
0.14805752
-0.11641128
0.20193383
-0.034661133
-0.07955526
-0.105331466
0.117245644
0.0111718
0.014720552
0.0143957
-0.11798178
0.08656792
0.06657048
-0.017983265
0.026753465
-0.113231525
0.04906735
-0.028274251
-0.0024530913
0.042600848
0.06677821
-0.073822334
-0.092624776
0.14271267
0.016053878
-0.10072029
-0.09796471
0.06189503
-0.018201973
-0.044081725
0.024371091
-0.18481886
-0.14025119
0.014846924
-0.07724255
0.15503901
-0.078393005
0.15782487
0.06007739
-0.11211052
0.13054943
0.10253511
-0.05090478
-0.18422905
-0.03365215
0.08948545
0.037144285
-0.021469718
0.07672867
0.0059458804
-0.03299796
-0.15399984
-0.06566045
-0.13907862
-0.13477787
0.0042775446
-0.031563506
-0.050245292
-0.026671104
-0.15750654
-0.13619807
0.0547684
-0.0025643045
0.049103323
-0.028939022
0.014738667
0.030341899
-0.042123813
-0.065253325
-0.012858642
0.13187276
-0.030415555
0.049411755
-0.023536291
0.11841244
-0.03895588
0.11513472
0.028026748
0.029339464
0.010767342
-0.03581173
0.02050556
0.004914331
0.00942954
-0.11363741
0.08991898
0.05493986
0.01677135
-0.03743858
-0.16402665
0.12047745
0.052986298
0.13537535
0.08913984
0.11319023
0.08701864
-0.042700864
0.04697037
0.0475454
-0.11489242
-0.016960584
-0.11133788
0.049213853
0.26828724
0.2765243
0.026544677
-0.04618624
-0.014379441
0.15927485
-0.081811935
0.0047169067
-0.09842727
-0.022723658
-0.090446465
-0.05004935
0.0034093598
0.033430096
-0.0767068
0.1559972
-0.1139229
0.0060743955
0.037801437
-0.088816345
-0.045171104
-0.003528507
0.04545447
0.082662396
-0.008348056
0.06968352
-0.060988255
0.020537363
-0.046300557
-0.028273424
0.027389191
0.054003462
-0.06472691
-0.053955786
0.0754457
0.0029021695
0.11261695
-0.01540513
0.06056637
0.10335171
0.17841874
-0.019368315
0.16068572
0.07265359
0.074339755
0.11996742
0.03959007
-0.114965476
0.106768504
0.078473106
-0.05792193
0.12491464
0.0054255463
0.16045813
0.101665586
0.16894238
-0.0063771186
-0.07651051
-0.17424326
0.08056337
-0.00057598273
-0.11784738
-0.10836275
-0.13187015
0.074851386
-0.096324265
-0.07984463
-0.053674974
0.119380206
-0.06936178
-0.06051564
0.048798844
0.01945055
-0.06591716
-0.11950247
0.01572683
-0.17710918
0.04070824
0.013470052
-0.06271003
0.010486293
0.03186908
0.046077717
-0.046506636
-0.030335471
0.07635571
-0.03611296
0.127406
0.057941988
0.003206784
0.071289875
-0.011536954
0.033640124
0.0345293
0.00712213
-0.007500996
0.09694272
0.034028687
0.08051472
0.115667574
0.005498707
0.03228029
0.026782598
0.0068553057
0.031399094
-0.001089611
-0.115375906
0.11640328
-0.024023123
0.121797964
0.07830007
-0.08843398
0.022663156
-0.04020914
-0.091243945
-0.05401984
-0.044811457
-0.08721534
-0.10116138
-0.12867619
0.021964187
0.013924362
0.06589293
-0.042522736
-0.07089845
0.12255758
0.07221449
-0.13897747
-0.007987444
-0.08147924
-0.1963482
-0.02241446
-0.061196044
0.020999078
-0.0043922197
0.10716843
-0.036223523
-0.012273009
0.08962699
-0.044856057
0.22819808
0.022499198
-0.011521691
0.042138558
-0.07434823
-0.057218503
0.036551695
-0.0041864286
0.0066367816
0.040382553
-0.08544731
0.20830023
0.13511507
-0.057854924
0.0875099
0.102411136
0.23197244
0.0794233
-0.006060169
0.012413616
0.027040266
0.059065897
-0.042598154
-0.0004234473
-0.03255804
-0.07409598
-0.06622534
-0.06769634
0.07272421
0.06181708
-0.044722356
0.005758161
-0.08399342
-0.11160174
-0.056188323
0.010537808
0.062428053
0.12750041
-0.050979022
0.09315098
-0.07207429
-0.089686655
0.11575618
0.08780251
-0.0837262
0.15648045
-0.13707116
0.092510246
-0.03894348
0.096138306
-0.10773993
-0.055323366
-0.11633903
-0.060681228
-0.020747993
0.15400887
-0.16981095
0.064402424
0.07251283
0.03329755
0.17133084
0.0012351425
0.14178911
-0.022552913
-0.08759391
-0.015345952
0.06291123
-0.027478889
-0.12148308
0.016837075
-0.019732257
-0.03891323
0.016461978
0.04926464
0.004985929
-0.019062359
0.049242638
-0.16885479
-0.07063607
-0.032946773
0.20970711
-0.03765089
-0.06496012
-0.05476372
0.01986347
0.14295161
-0.015520299
-0.061132293
0.04614554
0.0069432273
0.0034097894
0.042180605
0.027908482
-0.13131997
-0.0013676933
-0.024528572
0.036439672
0.12883455
0.21684632
-0.003306324
0.15931499
-0.055305123
-0.11373199
0.017546205
0.10552134
-0.021153579
-0.12478623
-0.121565334
0.091180675
0.1350993
-0.032196958
0.029266803
0.05843157
-0.06663705
0.06561724
0.035146974
-0.11833085
-0.049198013
-0.11111004
0.015463592
-0.04904504
0.016802952
-0.01733408
0.19229907
0.004339471
0.07104395
-0.15617841
0.09547549
-0.018497676
-0.01703566
-0.10023443
0.08859626
-0.024113996
0.06638214
0.006724674
0.06160905
0.0666851
-0.09215053
0.019286012
-0.12860876
0.06295123
-0.11480475
-0.015494773
-0.0103743095
-0.066540256
-0.053094592
0.0008940189
-0.04136902
0.066128425
0.1260662
0.014922362
0.061460663
0.14489822
-0.09823486
-0.08313083
0.022955999
0.13480072
0.05536622
-0.034146827
0.0062530325
-0.027509125
-0.083746865
-0.1639551
0.005258713
0.024013562
0.101418115
0.03656908
-0.13749243
-0.06389671
-0.052553136
-0.022553025
-0.06746574
0.04228963
0.17211722
-0.017673532
0.015345182
0.021867199
-0.012642439
0.008499766
-0.11927085
0.18183176
-0.060302336
-0.13907193
-0.06696832
0.09942173
-0.046608046
-0.044520475
0.056191433
0.0073615974
-0.1512142
-0.07600816
0.017184922
0.021228362
-0.08193219
-0.10575347
-0.02353026
0.0924949
0.0511501
-0.07491383
0.14745553
-0.015758013
-0.05068404
-0.044642024
0.025193239
-0.036192674
-0.0020113038
0.0509052
0.123730145
-0.050804395
-0.032366443
0.04400311
-0.045080937
-0.079938866
0.01111642
-0.02204063
0.09166716
-0.022392632
0.110249385
0.0024916048
-0.054471344
0.1826489
-0.20730823
0.0023109862
0.05140809
0.016940866
-0.03648119
-0.021179086
-0.1423431
0.03136062
0.08860098
0.15079328
0.026036503
-0.15324312
0.0018916618
0.014253972
-0.09360719
0.10176498
0.24428025
-0.014317237
-0.024510387
-0.0025211095
-0.07823873
0.09395719
-0.06261096
-0.0962684
0.02625798
-0.06317384
-0.19056098
-0.091579095
0.11622862
-0.09017228
-0.102088034
-0.032652494
-0.07484974
-0.120100945
-0.004371355
0.105081916
0.19988473
-0.016927378
-0.1264336
0.11118209
-0.029505685
-0.01984029
0.025959615
0.0007999871
0.005937428
0.11399047
0.0019749228
-0.12678958
-0.0023910997
-0.13537656
-0.017576305
-0.054860786
0.07282745
-0.004356372
-0.03941918
0.21628255
-0.01642188
-0.08711357
0.10954292
0.026985968
-0.104385145
0.023048446
-0.0035612613
0.08070315
-0.07520978
-0.07532538
-0.11747657
-0.13335472
-0.029856475
0.08866973
0.010868034
-0.04227322
0.0005837796
-0.019274734
-0.078355685
-0.03680089
0.019486323
0.09414717
-0.051305585
-0.0012120745
-0.060646433
-0.047517125
-0.057341713
0.027417263
0.025708515
0.06541244
-0.07032556
-0.16592315
-0.0079599945
0.026892776
0.022441754
0.04312875
0.110398434
0.025597049
0.076596975
0.13989939
0.09978498
-0.1105106
0.19027202
0.10166881
-0.06213783
0.08641011
0.120951876
-0.0992057
-0.017815258
0.054850042
-0.009407608
-0.064636424
-0.069662966
-0.0007719461
-0.027450148
0.08882964
-0.027886827
0.066692755
-0.025230935
0.10292943
0.18472134
-0.10019499
0.01863525
0.036550444
0.10024138
-0.066199884
0.08339725
-0.030774811
0.0813301
0.09939052
0.11516709
0.113030955
-0.007458049
0.12494511
0.15965568
0.07098919
-0.1324489
0.0022968536
-0.097152025
0.06739679
-0.0488942
0.1197718
0.018000275
0.02230857
-0.04286786
0.08057051
-0.053767744
-0.12425433
-0.013982024
0.09700454
0.07460348
0.055258602
-0.05976363
0.029751575
0.03498258
0.022870677
-0.019193975
-0.032129623
-0.032462087
0.008802966
0.061638344
-0.0344895
0.18497212
-0.15822455
-0.09105403
0.08707817
-0.039793856
-0.12618442
-0.07852108
-0.061131265
0.08003253
-0.075998046
-0.07090845
-0.21205734
-0.06956654
0.10229451
-0.10329936
0.10279566
0.019028747
0.06261067
0.051582582
-0.05425836
-0.14599067
-0.053950123
-0.18744653
0.016042728
0.09658437
-0.037375063
-0.022364471
0.06560404
0.031442065
-0.08947813
-0.09544201
-0.08702434
0.07045258
-0.20907222
-0.23365107
-0.0895318
-0.054407198
0.034268085
0.018037146
0.0808585
-0.021710562
-0.057503525
-0.020285422
0.099515095
-0.00078528165
-0.04395318
-0.022635218
0.01730494
-0.27070567
0.03383326
-0.14877386
-0.021741949
0.088711664
0.12087542
0.1163692
-0.042657807
0.09173155
-0.032279123
0.02311827
-0.07478927
-0.05184883
-0.006955157
-0.022198103
-0.020093262
0.056874838
0.13688427
0.034275226
0.0900546
0.028613336
-0.18864408
0.021441069
-0.028331112
-0.06294938
0.0153776
-0.010089345
-0.071119584
0.013668066
0.20362248
0.08654401
0.021116372
-0.052140664
0.021312293
0.0072208336
-0.013040201
-0.040928084
-0.0045270124
0.17263606
-0.0040364615
0.04917994
0.08976239
0.023817433
0.11443841
-0.032671776
0.0027685175
-0.028812911
-0.04932844
-0.06562974
-0.013809149
-0.028367147
0.0023270303
0.024607496
0.010307152
0.017878374
0.06681198
0.0705212
0.028546888
-0.15146084
0.015930967
-0.03462405
0.062971376
-0.10596585
0.052607544
-0.053387634
0.012317357
-0.08224007
0.057426017
-0.0160785
-0.04223356
0.026600797
-0.07624177
0.11125665
-0.05351864
-0.03062083
-0.083677724
0.07066937
-0.033669505
-0.0957225
0.015608192
0.22908473
-0.0017959477
0.023213191
0.0033944924
-0.12410282
-0.11340472
-0.010634203
-0.03221091
0.09167245
0.029521618
-0.104757234
0.042507444
-0.037088435
-0.08471868
0.008823093
0.0028414808
-0.0017049001
0.10154451
0.0613257
-0.019075068
0.14459638
0.036514413
-0.043156132
0.024247443
0.04862838
-0.03925481
0.0056365663
0.10292622
-0.04853298
-0.02616616
0.050219487
-0.04962381
0.08133466
-0.006126942
0.13390422
0.02820361
0.014387679
0.03209695
0.11305442
0.20445612
0.05475395
0.08956614
0.09058833
0.07160175
-0.029431531
-0.02328828
-0.05543236
-0.0036805929
0.024918474
0.079970084
0.14824513
0.12644956
0.056953616
-0.0042076805
0.029329956
0.07261008
-0.07773827
0.13329424
0.05737958
0.13461755
0.053320568
-0.13088799
-0.04761368
-0.076556206
0.0638442
0.13736984
0.0271398
0.05067076
-0.031055938
-0.11151306
-0.004805687
-0.0048205126
-0.04901589
0.010717248
-0.06910353
-0.03529432
-0.11784293
-0.23049444
-0.05584078
0.037833616
0.044387296
-0.07943638
-0.048070848
0.13313825
-0.1502138
0.1207938
-0.06996495
0.13395116
-0.027973067
-0.03176108
-0.016385932
-0.035331678
0.20431362
0.06256895
-0.02773265
0.04699806
0.050568365
0.088322185
-0.036658667
0.017599061
0.0098123755
0.03558503
0.060478147
-0.103375316
-0.017926555
-0.05317253
0.021542232
0.039879993
0.034805372
-0.013382463
0.002799098
0.07853558
-0.027176373
0.19612588
-0.03166903
-0.0377267
0.116116926
-0.13147183
-0.027503958
0.05011241
0.16170023
-0.024478046
0.15225968
0.118728094
-0.0777922
-0.16888067
0.006557783
0.032581553
-0.024676597
0.030187102
0.083131894
-0.13814041
-0.048039384
0.0014238342
0.035942428
0.10423085
0.117481135
-0.11155516
-0.013370492
-0.081443846
-0.030398281
0.0011092348
-0.11111264
0.13925657
-0.008935468
0.07101552
0.031767517
0.17082873
0.16112964
-0.14313625
-0.10045429
0.020213494
-0.007195607
0.03281206
0.1500769
0.009162042
-0.074874036
-0.10372094
-0.029356305
-0.04053353
-0.07268405
0.06907352
-0.013337744
-0.030249065
0.089096054
0.053848892
0.058658622
-0.07389629
0.03984479
-0.024710728
0.10122252
-0.049370255
-0.06902292
-0.16264986
0.046643652
-0.0625201
-0.17024806
-0.04078813
0.1154829
0.07654644
0.025712613
0.006723684
0.1095541
0.034534846
0.0952568
-0.10235502
0.051275466
0.026648996
0.25422806
-0.10413543
0.07378597
-0.03638317
0.09016473
-0.00059614587
-0.075655796
-0.034327842
0.0800647
0.062412485
-0.06582192
-0.086729385
0.09392452
-0.1832863
0.05851569
0.052165862
0.0019161355
0.012698478
-0.0024031156
-0.0102334665
-0.115678586
0.120406576
-0.0012037399
0.0025758257
0.0078287395
-0.0031927265
4.1388204e-05
0.061779797
0.10780753
0.011295307
-0.020934444
0.07402747
-0.076636806
0.0615589
-0.04835142
0.022211015
0.112916864
-0.0481982
0.07482158
0.021491593
0.10176362
-0.07678097
0.0820382
0.061901074
0.097560525
0.014420324
0.14841592
0.09437967
0.15855272
-0.046498347
-0.10820791
0.1382473
0.07552807
-0.0712253
0.051130477
-0.16097893
-0.10829184
-0.0996487
0.019939717
0.06259504
0.015990185
0.0045201546
-0.009153415
0.08693375
0.06619663
-0.12916642
0.14050063
0.017088786
-0.094368994
0.05140941
0.017708398
-0.09539049
-0.047482505
0.07372008
0.100355394
0.14069284
0.014036887
-0.033034135
0.14232348
-0.0048459643
0.038099363
-0.058714163
0.05906681
0.04743199
0.1412203
0.10702643
0.0466862
-0.009948079
0.10501231
-0.03461077
0.023680288
0.046305124
0.2151039
0.11804844
0.0070122215
0.029313013
-0.1272152
-0.118582025
-0.10102879
-0.02353337
0.0049130754
0.0014044433
0.17680623
-0.049223658
-0.052247908
-0.07985348
-0.049931813
-0.010721185
0.0020638562
0.2845038
0.05783017
0.020067621
0.014856496
0.08344786
0.13130432
0.084459424
-0.09861648
0.14641108
-0.027640166
0.07650802
0.15085337
-0.0564678
-0.029659992
-0.088125445
-0.05128166
0.02399315
0.018221665
0.18592963
-0.021260317
-0.175871
-0.057810847
-0.14217821
-0.012642383
0.06280934
0.07694224
-0.033737462
0.10973061
0.04461039
-0.037362576
-0.12373159
0.04274565
-0.062019795
0.12627871
0.082708135
-0.011173709
-0.030925844
-0.12516063
-0.022700304
0.0742839
0.16675471
0.018738909
0.17941779
0.0014267771
-0.1740066
-0.098745875
-0.029563025
0.2512538
0.059511755
-0.048705082
-0.09784088
0.029998193
0.13417968
0.03724684
-0.010494081
-0.057212397
0.050033133
0.07510473
0.060046237
0.03924107
0.052841637
-0.07803206
0.02988276
-0.07842872
0.16082233
0.08042498
-0.17079426
-0.06474495
0.067374155
-0.012649682
-0.028839821
-0.0077728396
0.030349389
0.04888984
0.06161719
0.024985546
0.09555044
0.051446814
0.08095398
-0.16871959
-0.025418913
0.4166446
0.08910606
-0.06087223
0.07883203
-0.05792126
-0.16471545
0.26523685
0.036213636
0.10752117
0.05818436
0.0302387
0.10205838
-0.0162776
0.1312318
-0.0708972
-0.008349555
-0.030106377
0.13402218
0.051303986
-0.17416842
0.014097622
0.10688929
0.10084799
0.086897545
-0.03592147
0.06784568
-0.07129468
0.18284649
0.043126345
-0.038365684
-0.036910657
-0.06727916
-0.0017961554
-0.107979886
0.06678141
0.0054650265
0.037143156
-0.084361084
-0.052692924
0.027671248
0.056928594
-0.05195312
-0.029682435
0.12636422
-0.06679077
0.05152265
0.03792536
-0.028289653
-0.109026745
-0.045364756
-0.1016595
0.1827271
0.039068356
0.050581865
0.26991415
0.10338059
-0.020935552
0.11490034
0.11022126
0.07086689
0.038329795
0.038772218
0.14618427
0.13593818
0.052464973
-0.12825781
-0.038207866
0.053998817
0.11187249
0.03649189
0.050521336
-0.023477415
0.16303991
0.1801917
-0.017026365
0.0013390017
0.15522072
0.071679935
-0.07759006
0.06559023
-0.06528828
-0.053335223
0.07120291
-0.06155141
0.10563754
0.16871782
-0.0369616
0.097796306
-0.04596039
-0.09175074
-0.042772442
0.07292735
-0.026407752
-0.061400604
0.06894449
0.0349472
0.050702143
-0.008003779
0.21515389
0.019949805
-0.010480811
0.04713806
0.12237797
-0.00073471974
-0.0047375974
0.03722313
-0.0066635716
-0.09539979
-0.12313457
-0.047683015
0.0926763
-0.06412932
0.040920217
-0.052654695
-0.114372686
0.07792045
0.06295153
-0.0057836743
0.08810809
-0.01866621
-0.006264677
-0.14838348
0.090696156
-0.057636585
-0.008781911
-0.16352579
0.012154284
0.07835624
0.009336505
0.0033177575
0.009791505
0.050277833
0.12812905
0.04615773
0.04054426
-0.050160043
0.034090757
0.099836856
-0.0025626428
-0.01273143
-0.123816535
0.0023765229
-0.11275511
-0.06093462
-0.07647981
-0.04568454
-0.052012414
0.09528302
0.007919028
0.16452344
-0.018624913
-0.08372824
0.04494361
-0.058795124
-0.023039103
-0.14122394
0.010654425
0.062852725
-0.09172628
0.019152487
-0.06515463
-0.14594042
0.063385755
0.006570929
0.100994185
0.0028928595
0.01920293
0.09080487
-0.0026807396
0.027679633
-0.017647933
0.00026588506
0.088198036
-0.038446244
0.044139583
0.032244675
-0.087334804
-0.12635785
-0.038553234
-0.060495663
-0.20774052
-0.1692902
-0.12760384
0.002853272
0.12326408
0.11279002
-0.12884338
-0.10507509
0.04834449
0.09798962
-0.14124781
0.17298624
-0.08091109
-0.049856752
0.023071485
-0.04345245
0.0033255392
-0.023035917
-0.13061139
0.08710194
-0.016913548
0.121981
0.16299751
-0.07112656
0.07370299
0.0059455344
-0.048654415
0.028894674
0.043811496
-0.041690897
-0.05890781
0.00055317965
-0.042014286
0.18957059
0.03395433
0.059475772
-0.016962886
-0.01871905
0.11178335
-0.16874674
-0.09711431
0.07923257
0.047333404
0.06709651
0.079258144
0.025121303
-0.03279825
0.03626505
-0.14938675
-0.00032015747
-0.11668051
-0.007902849
-0.006692346
-0.0052084285
0.017849876
-0.055202764
-0.05046377
-0.2010848
-0.0755138
-0.06774805
0.19817242
-0.012616352
-0.0827819
-0.122282974
0.03164695
0.052642554
-0.038740993
-0.035272542
0.09802322
0.07378971
-0.034612536
0.054385122
0.06807854
-0.08647858
0.060840305
0.08484154
0.010000762
-0.07839743
-0.021618
0.016171528
-0.07370633
0.07209101
0.056564562
-0.01678218
0.080969535
0.05835774
0.06271484
0.040898822
0.011933977
0.007034436
-0.10654907
0.075734414
-0.027599175
0.051696025
0.056903426
-0.018283565
0.15322043
0.011014777
-0.06869412
-0.029738734
0.07754357
0.04756072
0.04001629
-0.0027379356
0.021785386
-0.05260284
0.0017493919
0.0070698634
-0.036947172
0.009297826
0.1714311
0.008861325
0.07188617
0.17227283
-0.06787516
-0.018213334
0.038479872
0.033658832
-0.13555482
0.027453806
0.12761262
0.1132599
0.09028061
-0.051901326
0.07745881
-0.06746626
-0.15087895
0.061125666
0.14947256
0.013218994
0.11014864
-0.06473708
0.12178609
0.076218806
0.03183313
0.053181782
0.11586092
-0.017366782
0.119242586
0.13036159
-0.024952112
-0.069895476
0.15873316
0.10340102
-0.18570031
0.019553522
-0.091871314
0.045035005
-0.040218577
-0.18012616
0.026897918
-0.04536288
-0.10332581
0.029027108
0.14289406
0.039607894
0.09180874
0.116988875
-0.10320435
-0.025525281
0.006868581
0.10193385
0.1715817
0.05628827
0.20476674
0.044924352
0.20096117
-0.13607243
0.03290284
-0.024374288
-0.099920474
0.15705252
0.17034748
0.051777408
0.123403765
0.021530159
-0.1822997
0.0367393
0.113060124
0.109164156
0.2455382
0.07761788
0.1260858
0.07259923
0.016312635
-0.12714113
0.06726404
-0.00016739283
-0.123779245
-0.023426212
-0.06592385
0.084467895
0.0199856
0.06753843
0.21057907
0.018956715
0.052303415
0.12903431
-0.022449486
0.19522233
-0.014226945
0.08303484
0.03666143
-0.11888506
0.06266494
-0.017131701
-0.11222985
0.10503662
0.08476149
0.08302387
-0.03411681
0.23087491
0.05291129
-0.099623546
0.111316755
0.17759979
0.06535868
-0.07086011
0.10593401
0.094876535
0.17113966
-0.108695
0.19520894
0.026845055
-0.03749522
0.014035322
-0.059358314
-0.075909436
0.08006086
-0.010291069
0.09382472
-0.0033344964
0.12103175
-0.026350489
0.1292903
0.06981914
0.062353957
0.15452977
0.05521001
0.16706446
0.07834479
0.18261956
-0.028555928
-0.08297606
0.098213084
-0.1251787
-0.1167018
-0.060805015
-0.015002894
0.054979905
0.09859977
-0.040054187
0.13006592
0.03767469
0.085459664
-0.07438022
-0.045973852
0.011302666
0.04615164
-0.04413625
0.056781963
0.08245429
-0.03823381
0.28383
0.01106575
0.0856478
-0.03756313
-0.020919055
0.035180308
0.064477496
0.041429274
0.0926793
0.0015822924
-0.09621183
-0.0040311473
-0.08810626
0.03365971
-0.15574178
-0.029796595
0.06485039
-0.028262071
0.026011225
-0.018439785
0.09875863
0.053719454
-0.022926286
-0.057575237
0.04282114
0.19047813
-0.032919258
-0.029726066
0.082852535
0.1852184
-0.042931013
-0.020867972
-0.077173695
-0.08479747
-0.10054419
0.062494628
0.09810093
0.064360976
0.113328464
-0.005101074
-0.18812238
0.0027425417
-0.061554227
0.076499775
-0.06545006
0.11353806
0.0028900115
0.08441629
0.1258364
0.03620045
0.06684356
-0.003132007
-0.019010002
-0.031109259
0.03778018
0.08516641
-0.010944344
-0.015733888
0.22422709
-0.159074
0.0022404136
0.042628158
-0.015254261
0.018242326
0.09262144
0.02352184
0.029863898
-0.046692267
-0.03705224
-0.06475393
-0.12942216
-0.06497598
-0.077891074
0.23943584
0.026143424
-0.06223786
0.050579164
0.05226063
0.05921982
0.09965342
0.044454914
0.006823557
0.07866709
-0.08930694
-0.094071716
0.096190296
0.076276444
-0.0027434456
0.09032927
0.08035097
-0.0938558
0.013835031
-0.08727912
0.22847608
-0.056727212
-0.08628115
-0.046529815
0.028430134
0.038991716
0.06024461
-0.02101767
-0.026663855
0.09551524
-0.07219764
-0.09978855
-0.02874454
-0.13656844
0.019308718
-0.04339903
0.087939814
-0.03664007
-0.023089519
-0.040290106
-0.027160559
-0.003160665
-0.07078696
0.09266861
-0.06362212
0.017742822
0.012341881
-0.083669506
0.07050781
-0.14410347
-0.07895246
0.008247751
-0.16805889
0.043173533
0.029088404
0.07055386
0.025749123
-0.016403943
0.052336764
-0.0008251068
0.010794621
0.10465752
0.03548734
0.13807414
0.046755735
0.07676896
0.009472298
0.10330765
0.119520634
0.021993348
-0.05351657
0.09729878
0.09131768
0.091670506
0.019842856
-0.13112254
-0.07055072
0.029958565
0.046194546
-0.064871185
-0.025295269
0.019193536
0.072355874
-0.054003414
-0.025608959
0.10349398
0.25507656
-0.04666482
0.06426268
0.040601566
0.1729452
0.084571645
-0.012437969
0.03525716
-0.041268975
0.085047476
0.06739842
-0.0112998
-0.14281817
-0.19513908
-0.057088252
-0.048556328
-0.16271481
0.05898395
0.12580709
0.06830178
0.008124739
0.07235613
0.16857955
0.04281963
0.008019176
-0.06331373
0.10368768
0.071362175
-0.13515088
-0.07820763
-0.008291268
0.1546916
-0.050226096
-0.037372846
-0.058969084
0.023750467
0.14497654
-0.12691742
0.14714389
0.016181214
0.027660532
-0.03775499
-0.07676923
0.047675747
0.04248768
0.008485314
-0.055418797
0.06375521
-0.011434579
-0.05970168
0.033484653
0.020871501
0.054971732
0.054977387
0.15676813
0.05333699
0.072577275
0.04218893
-0.12313892
-0.05028988
0.07646025
0.055381283
-0.10022477
-0.023129378
0.021529533
-0.143412
0.09495072
-0.14877717
0.06261306
0.0020847146
0.013704248
0.014426642
0.011797029
0.097193465
0.015151231
0.039826408
0.06327438
0.006756531
0.10998835
-0.043995712
0.23379809
0.0024908832
0.011605377
-0.073170364
-0.066730104
0.06907339
-0.056749776
0.081236854
-0.013966504
0.065917104
-0.115457095
0.07287062
-0.1319608
0.016877364
-0.07923337
0.094073765
-0.094920754
-0.114940345
-0.11470078
-0.08735311
-0.11972877
-0.09207322
0.046253957
0.00037107785
0.08967198
0.14210452
0.025685469
0.05698074
0.23155019
0.19093202
0.052834596
0.09734507
0.07178464
