0.1196915
-0.008887614
0.007899677
0.031642485
-0.025819544
-0.074288175
0.12602238
0.11819953
0.016125279
-0.05910766
-0.07195946
-0.094961785
-0.11094717
0.00036133925
-0.22864756
0.01643479
0.005068572
-0.054703545
0.0018497758
-0.021755183
-0.055817705
-0.017965415
0.07553163
-0.07381549
-0.15208769
-0.0013035752
0.06492333
0.16881113
0.0986523
-0.22814518
-0.042266183
-0.11021395
0.12709887
0.07174016
-0.0056673167
0.005769863
-0.025501829
0.03755124
0.07285257
-0.0765178
-0.016662
0.07643714
0.13725804
-0.08644525
0.0042904606
0.03489293
-0.11519631
-0.0150583945
-0.07122199
0.08713532
0.020100154
0.1143389
-0.005368747
-0.07790776
-0.03800499
-0.114300385
0.016062649
-0.07634148
0.07004614
-0.01779814
0.09188503
0.0099960845
-0.0533589
-0.12867424
-0.09261021
-0.022432204
-0.039139982
-0.11635449
0.0014353589
0.013776787
-0.121027365
0.04099174
0.09518395
0.04693238
0.036895562
0.2866309
0.06641463
0.013088955
0.1044857
0.18552548
0.044392448
0.111149356
0.013011792
0.030851636
-0.011988531
0.11400352
0.070652455
-0.08355359
0.019356396
-0.050912097
-0.07986427
-0.049400423
0.16011252
0.066080146
-0.056107383
0.08973028
-0.05990959
-0.07056924
0.048557866
0.0544817
0.014871415
-0.047833234
-0.090522595
-0.009814744
-0.076113254
-0.058320325
0.04100931
0.13948445
0.07973378
0.059740342
0.024609674
0.020121988
0.0073814597
0.077393964
0.010831443
0.21139003
-0.054882977
-0.118115634
-0.08123258
-0.09483433
0.047387213
0.06648971
-0.17992781
-0.11286863
-0.071778536
-0.07519468
0.029803695
-0.035139263
0.15192227
0.048399348
-0.021267358
0.015166195
0.09945769
-0.06595546
-0.19915695
-0.11577624
-0.010948154
0.069449835
0.074265905
-0.12253745
0.09204449
0.023358906
0.1408343
-0.0639924
0.16541149
-0.03956603
0.09792309
0.038757272
-0.10444628
-0.06730765
-0.11541762
-0.03714703
-0.05681368
0.16615254
0.0058736345
-0.09568505
0.038890004
-0.08490013
-0.06943039
0.12845926
-0.017518738
-0.16585368
-0.11447734
-0.058150012
-0.038191233
0.024416344
-0.043048486
0.019168913
-0.04417871
-0.011262001
-0.035535056
0.118880026
0.025577774
0.032188587
-0.033419166
-0.090770096
-0.045106836
0.062005755
0.04030402
0.11309302
-0.046933964
-0.08484899
-0.034851003
0.18237746
0.13660254
0.07139378
0.08886031
0.11626312
0.009137795
-0.032991625
0.05304943
-0.026126828
-0.058451433
-0.015739147
-0.016403472
-0.07472953
0.078855745
0.061331354
-0.07452681
0.06160701
0.03274454
-0.08419033
-0.029743193
-0.11704234
-0.026283456
0.05928077
-0.09786616
0.19248302
-0.0071459142
-0.14083208
0.009293711
0.09373997
-0.012130911
-0.079182334
-0.023522593
-0.08766846
0.05092981
-0.07461006
-0.06411683
0.034873754
0.0057291826
-0.28405425
0.124467865
-0.0921807
0.046857454
0.10393153
-0.014158618
0.08678339
0.04000313
0.25545293
0.015886832
0.024064273
-0.10530255
-0.0038851474
-0.011900277
0.097932614
-0.12323509
-0.028207308
0.015551264
-0.083665356
0.010052852
0.039150357
0.061143316
-0.07031663
0.102025524
-0.000716963
0.008018173
0.008046965
-0.120837145
-0.12641281
-0.09265046
0.063172765
0.09281832
-0.041219488
0.11108043
-0.08308692
-0.044176504
0.08729843
-0.005686192
-0.0677768
-0.01444857
0.05632159
-0.042441398
-0.04791973
0.015494853
0.11057613
0.024371188
0.059379775
-0.07705215
-0.053203367
0.07323486
0.1730529
-0.18739522
0.056001343
-0.1452115
0.0020187148
0.033458415
0.13685687
-0.077882335
-0.008073449
0.10150726
-0.12638032
-0.20268759
-0.07895585
-0.056974664
-0.025885059
0.00816101
-0.05781161
0.10213844
-0.041400626
0.030034307
-0.08935105
-0.19420253
0.20142105
0.20600495
-0.03201698
-0.028566856
-0.04093102
-0.030330831
0.07187498
-0.10371581
0.04505775
-0.09043305
0.2192704
-0.055793073
0.015762972
-0.069703214
-0.0006656393
0.06809967
0.021880053
-0.028977333
-0.07153842
0.022343503
-0.020318285
0.074627414
-0.035396997
0.04697899
-0.16160123
-0.051140614
-0.06399708
-0.012588938
0.01480845
0.10944384
-0.0292135
-0.07412995
-0.07552961
-0.26030943
-0.10115483
-0.17990614
0.055876844
-0.041654494
0.044893816
-0.006951818
-0.041553576
-0.0041808
-0.1090399
0.057087325
0.0041242647
-0.009505033
0.068922125
0.07551627
-0.08546169
0.09088273
-0.056844268
-0.08308894
-0.04499244
-0.042851295
0.033330534
0.05665617
-0.06916944
0.024472892
-0.051802564
-0.16244638
-0.044641674
-0.020274911
-0.2728873
-0.0015687479
-0.11666015
0.06212551
-0.09074639
-0.015873443
0.121988475
0.02477399
0.13067997
-0.028433762
0.050711703
0.01609272
-0.027092647
0.057330173
0.01277244
-0.030936515
0.18618207
0.08143562
-0.05615677
0.0433458
-0.074380636
-0.05232007
-0.13671839
-0.12148827
-0.088124864
-0.061889444
0.026626304
-0.01744134
-0.07437383
-0.16600704
-0.106584676
0.090333484
-0.22370064
-0.052429263
-0.15320963
0.036865685
-0.096205555
-0.021151684
-0.006141141
-0.11829597
-0.019606689
-0.028461171
0.041341495
-0.066473186
-0.044922806
-0.02789089
0.24636662
-0.028057119
-0.081677124
-0.117103234
0.015319104
-0.02184717
-0.05833631
-0.03826303
-0.14322264
-0.10853116
0.032719858
-0.10372377
-0.12083715
0.043460645
0.05132908
-0.10955103
-0.14020872
0.037231416
-0.112311184
-0.03556857
-0.15099576
0.0008265164
-0.120718025
-0.11072386
-0.12584732
0.1369198
-0.034342855
-0.09202239
-0.09922032
0.046029177
-0.0020669238
-0.11420446
-0.16261493
-0.006156454
-0.045272823
-0.20899013
-0.046751197
-0.025646688
-0.052521717
-0.19291995
-0.14799842
0.102784745
0.08534789
-0.19039354
0.025058564
0.11320353
-0.083262056
0.06305288
-0.14115883
-0.06781584
-0.05000121
0.034513842
-0.11292486
-0.08917008
-0.21849129
-0.110738054
0.044816475
-0.10403876
-0.12860635
-0.02953492
-0.47349086
-0.2952195
-0.10595195
0.020572316
-0.17512204
-0.05236041
0.06539429
-0.11069035
0.046711486
-0.31192186
-0.22245584
-0.051112965
-0.17146546
-0.19312221
-0.075158514
-0.12440299
-0.044882577
-0.16790754
-0.083057135
-0.016848892
-0.07640472
-0.088473305
0.006918166
0.18563224
-0.12028647
0.19632584
-0.3536683
0.053455338
-0.12053751
-0.176731
-0.33923158
-0.22984535
-0.14482021
0.18884778
-0.3207906
-0.25197402
-0.012467526
-0.10028372
-0.13463482
0.1358077
0.071569234
-0.1256519
-0.09044187
-0.2859817
-0.0107809715
-0.09948661
-0.10449022
-0.28920224
-0.097268626
0.004918806
-0.016360156
-0.3239706
-0.14397378
-0.06563714
-0.18897504
-0.21200211
0.19630578
0.13423869
0.1116831
0.04621266
-0.26351172
-0.09496885
-0.052165
-0.1550631
-0.14005613
-0.14329436
-0.051805604
-0.08569264
-0.23014306
-0.1151929
-0.058802586
-0.020385616
-0.017143065
-0.03042623
-0.013166054
-0.25065148
0.19422972
-0.14121991
-0.060334966
-0.20884402
0.024237264
-0.3325969
-0.343157
-0.30350715
0.13879296
-0.38920087
-0.23910801
-0.061906587
0.12431042
0.13857056
0.005350042
-0.030742235
-0.026117139
0.12348695
-0.22597346
-0.09543682
-0.23492229
0.023255495
-0.18669862
-0.0800841
-0.0031823425
-0.016141921
-0.10182057
-0.21828876
-0.090135194
-0.1854758
-0.10568467
0.24804093
0.092333965
0.0218308
-0.019229794
-0.21569215
-0.15423529
0.021957137
0.034490276
-0.16846728
0.044393536
-0.07137476
-0.070745066
-0.18578541
-0.035964735
-0.12680253
-0.37179062
-0.08874376
0.04936409
0.0045295516
-0.0924836
-0.07630667
-0.14695148
-0.10000694
0.015953593
-0.110441774
-0.3676965
-0.26259845
-0.122422464
0.12628268
-0.28674775
-0.28304237
-0.079316005
-0.069871195
-0.07141472
0.04115463
-0.01830405
-0.082063675
-0.02292955
-0.2611063
-0.22832362
0.041718304
-0.12000589
-0.12794758
-0.12007165
-0.09129614
-0.009584757
-0.2687665
-0.2325887
-0.24060756
-0.004200035
-0.13003486
-0.092381425
0.06895055
-0.0030461778
-0.20343389
-0.13546504
-0.076953866
-0.13621773
-0.043327246
-0.02741932
-0.43514708
-0.10871041
-0.14591713
-0.006304807
-0.04326327
-0.25274107
0.046491917
-0.067722246
-0.058033515
0.14723074
0.052036285
0.03302799
-0.1562503
-0.03368447
-0.21041594
-0.094525844
0.012983638
-0.5798225
-0.08103795
-0.17617396
-0.092660636
-0.18314123
-0.2283914
-0.038999576
-0.01911615
0.038381677
0.04461779
0.08412885
-0.010576301
-0.18101422
-0.21145585
0.12070003
-0.106656455
-0.14069545
-0.36809626
-0.21072826
-0.1449799
-0.041844964
-0.15886196
-0.15083742
-0.032749187
-0.15648994
0.029368922
-0.028183367
-0.082298614
0.039283648
-0.27286655
-0.0955449
-0.1663633
-0.08051835
-0.04167412
-0.40377715
-0.024431452
-0.052889995
-0.08054935
-0.1402387
-0.17674711
-0.16487463
0.13528039
-0.06016078
-0.008535339
-0.021683903
-0.20204309
-0.24362563
-0.0785324
0.08397193
-0.17344025
0.08090505
-0.4641822
0.0062181493
0.0022103908
-0.19021209
-0.21884859
-0.08492476
-0.122275785
-0.061673645
0.18952157
-0.096888386
-0.22725973
-0.03361919
-0.119640864
-0.114864975
0.049003057
-0.20447686
-0.06570944
-0.4193156
-0.09280309
-0.03300796
-0.1995752
-0.0016979559
-0.1751794
-0.04931522
0.04351511
0.08694911
0.052332237
-0.24899232
-0.092682354
-0.053551607
-0.051268093
-0.0022487505
-0.13266982
-0.07145386
-0.28326055
-0.17111146
-0.06648464
-0.029869197
-0.22681463
-0.16088547
-0.03704782
0.004186546
0.040539674
-0.13572803
-0.10718394
-0.088073954
-0.32850197
-0.11436286
0.08991274
-0.08720958
-0.054756135
-0.47748756
-0.14933224
-0.044089492
-0.07986573
-0.13260464
0.0675986
-0.053626217
-0.2687441
0.001668936
0.14285795
0.038962673
-0.124008514
-0.27112377
-0.22161366
0.19651449
-0.06837988
-0.0796207
-0.31574488
-0.07489105
-0.061661128
-0.11511822
-0.24846749
-0.10818526
-0.07594992
-0.045110986
-0.04357822
0.024269516
0.091851205
0.013915139
-0.24272595
0.025375623
0.030434364
-0.11729635
-0.049815357
0.052589107
0.15350372
-0.04263501
-0.029721644
-0.017850082
-0.29393712
-0.1338736
-0.1181865
-0.1416079
-0.06076077
-0.03257455
0.022679545
-0.15941545
-0.07969735
0.027635016
-0.14564481
-0.015694773
0.030831972
0.11647728
0.025366493
-0.012790459
-0.17774875
-0.05070498
-0.07076272
0.12788454
0.085195385
-0.13338129
0.033184063
-0.120065935
-0.07888642
-0.0060209986
-0.032633934
-0.11831688
0.0032446817
0.01854034
-0.14067242
-0.0060094837
0.005856877
-0.034169618
0.0005296763
-0.10921426
-0.023960173
-0.0070697367
-0.10720538
-0.0786511
0.008268532
0.06045324
-0.13284573
-0.03777498
-0.06837338
-0.15678963
-0.06303449
0.054875154
-0.11718402
-0.1522166
-0.13041078
-0.012325442
0.0026884184
-0.13356961
-0.017443849
0.03667811
-0.028096363
-0.00018015335
-0.2079328
0.23415682
-0.032318547
-0.11706313
0.05119765
-0.09260774
0.011394434
-0.18277308
-0.1542838
-0.07248016
0.06121112
-0.0535497
-0.07547229
-0.10186806
0.07378486
-0.17648071
-0.027479375
-0.20132852
-0.07525598
0.050334252
-0.0607913
-0.06795204
0.076282665
0.0022656515
-0.12545215
0.043759085
-0.12701298
-0.03256983
-0.037637986
-0.1064537
0.11739545
-0.113300905
-0.041569512
0.10157264
-0.042811163
-0.021889888
-0.047801357
-0.08568633
0.06937161
-0.053921
0.02423953
-0.09723348
0.012306585
-0.033707004
-0.008101424
-0.17578079
-0.04184088
-0.057184726
0.069805995
0.012094955
0.05066848
-0.022688957
-0.06869869
0.1297344
-0.10864118
-0.09152391
0.050903294
0.025047993
0.086872205
0.14152843
0.047939185
-0.044992715
-0.08976313
-0.00032584261
-0.017249769
-0.057304215
0.06398868
-0.12078247
-0.08128862
-0.0010391165
-0.067079306
0.050483823
-0.12819377
0.085361026
0.06036521
0.002903543
0.063806355
-0.10376331
-0.009971743
-0.09604644
-0.04537116
-0.16166832
-0.080516286
-0.10760396
0.0016603492
-0.025835652
-0.10969713
-0.06810676
0.040493317
-0.110666335
-0.007841766
-0.04160065
-0.17369762
-0.07453979
0.021893768
-0.022969091
0.018976817
-0.04366913
-0.051420696
-0.06563092
-0.14778672
-0.108604625
-0.055241868
-0.042981576
-0.004675403
-0.01583416
-0.0005776166
0.06388203
0.03744476
0.15711272
0.048077695
-0.005528059
-0.14299236
-0.18225425
-0.0757583
0.05945463
0.036504485
0.05902478
-0.23688327
0.06329681
-0.036950316
0.060123395
0.047053464
-0.083983436
-0.03290169
-0.06349583
-0.09407082
0.020157758
-0.0633594
-0.020139575
-0.19377767
0.070498414
-0.16730975
0.0015101109
-0.10081381
-0.064143986
-0.0055174245
-0.0927504
-0.17012885
0.23954037
-0.22499472
-0.054191884
-0.08333655
-0.08448456
-0.112286285
-0.020689122
-0.104050435
0.080282725
0.037364647
-0.08947921
-0.035586584
-0.084263794
-0.0808607
-0.022662727
-0.07759681
-0.027436215
-0.11882042
-0.06418363
-0.13144797
-0.054114886
-0.04409694
-0.12946256
-0.021024026
-0.01068623
0.07493861
-0.035926543
-0.009565606
-0.1511201
-0.03601709
0.16164993
-0.037044574
0.010660944
0.097919814
0.13399553
-0.07327749
-0.061818574
-0.044308137
0.08042276
0.03402262
-0.073176004
0.14040713
-0.002317957
0.014523508
-0.06783603
0.12560688
-0.061235834
0.010660117
-0.009060604
0.023137966
0.006457045
0.012225812
-0.072366044
0.07530333
-0.03869686
-0.10667504
0.025621438
0.036241207
-0.06188334
0.012697837
-0.17748211
-0.009451705
-0.009787502
-0.046765063
-0.0063616205
-0.04131726
-0.105426624
-0.2179055
-0.030258145
0.13015097
-0.13696146
-0.06757632
-0.11648201
-0.076084614
-0.20185055
-0.09519788
-0.09208538
-0.08721157
-0.15294579
-0.017895138
-0.12698023
0.09898155
0.12576646
0.031072328
-0.06208534
-0.024869846
0.02554851
-0.050200984
0.06392718
0.13158932
-0.022124792
0.038447253
-0.017258845
-0.12704247
0.027556514
-0.094416246
0.021916661
-0.16381034
-0.028560054
-0.20748362
-0.08305493
0.010271118
-0.05713097
-0.10470867
0.05116064
-0.09426066
-0.13463281
-0.1396595
-0.08809744
-0.030987145
-0.026405504
-0.09631098
0.23104754
0.046168856
0.1222913
-0.03171652
0.05481574
-0.07575484
0.09533615
0.054081827
-0.18450414
-0.004615521
-0.0508978
-0.0938631
0.008760374
-0.0722607
0.04940825
0.0021486639
-0.03217378
-0.09237807
0.034365047
0.1189514
-0.06656462
-0.08605098
0.039701328
0.107195355
-0.015069851
0.027026882
0.06272733
0.01803995
-0.017747935
-0.18724933
-0.025246432
0.024356335
0.058191847
-0.015030141
-0.009524419
-0.0893845
0.060932826
0.049473546
0.06285403
-0.07015447
0.08994733
0.10442757
-0.039510082
-0.03828365
-0.11696155
-0.017932223
-0.027098276
-0.07308038
-0.08313979
0.06759153
-0.072334364
0.05850228
0.10192939
-0.019063624
0.011886746
0.11204487
-0.12599587
-0.049973503
-0.055000234
0.13495986
0.12698592
0.003096874
0.11692804
0.033450376
-0.09098966
0.2993175
-0.09024941
0.059189677
0.14039402
0.051761962
-0.072029
0.056695882
0.066178314
0.08499819
-0.07013778
0.03288803
-0.11912744
0.009601537
0.07207721
0.014464119
-0.12880611
-0.060631245
-0.009937047
-0.09640378
-0.022538593
0.019334806
0.05070216
-0.10235673
0.10619369
-0.119046345
-0.092698805
0.03762802
0.010306292
0.0928137
0.036850438
-0.05427337
0.028005335
-0.06700486
0.12639634
0.10491897
0.04714792
0.14349791
0.005309769
-0.00039939673
0.122426674
-0.037260763
-0.009969376
-0.17090797
0.05504842
0.00951489
-0.07377658
-0.05224913
0.06561316
0.036028247
-0.032426484
-0.18432128
-0.08391238
-0.13568367
-0.021507232
0.011715523
0.16449511
-0.18770136
-0.09981967
0.08525424
-0.05198635
0.059771292
-0.024102448
-0.13943568
0.025870388
-0.004128461
-0.05480839
-0.16649276
-0.06479697
-0.0750635
-0.06283489
-0.0016289221
0.071564585
0.084268674
0.09219209
-0.11911847
0.103637286
-0.024791896
-0.15003633
0.055936567
-0.09609831
0.14501885
0.03213062
0.1124783
-0.041831035
-0.054037753
0.051957835
-0.06503085
-0.1434835
0.09264465
0.08416735
0.030348407
-0.10666498
0.16619179
-0.024309972
-0.06673781
-0.021843268
-0.03323959
0.1878082
0.07033331
-0.060801826
-0.14319481
0.02071821
-0.05442491
0.0049094884
-0.024416424
-0.12676004
0.017210662
-0.062345546
-0.08802084
-0.04997688
0.040481124
-0.041854296
-0.04152106
-0.20565519
0.015250973
0.00968535
0.039456867
-0.1269005
-0.05450822
0.009289851
-0.25185224
-0.09636623
0.099520184
0.068770975
-0.05341622
-0.042513456
-0.10897406
-0.039203644
0.04347481
0.07666828
-0.1530689
0.050539024
0.0031135913
-0.01843814
-0.034265097
-0.20435806
-0.13957533
-0.090505734
-0.14535852
0.017058833
-0.20826764
-0.065099046
0.12487219
-0.12640782
-0.13718167
-0.0051819277
0.050024167
-0.029703662
0.11462634
0.044733457
-0.06935276
-0.04941036
0.07953372
0.076486245
-0.18489236
-0.09518386
0.009907538
0.16119222
-0.11050025
-0.030391574
-0.033311576
-0.16508287
0.06821983
0.13781959
-0.08129236
0.014583291
-0.13194685
0.041300803
-0.13468301
0.02019176
0.048948944
-0.094958
-0.03288825
0.099102855
-0.10790069
-0.049178377
-0.061403636
-0.004517797
-0.0071695847
-0.06399418
0.124666005
-0.08989689
-0.024758868
-0.14163952
-0.06848382
-0.027501998
0.09611666
0.048582375
0.05161278
-0.32201946
-0.16789132
-0.070923075
-0.069066316
0.034198184
0.105519615
0.030578744
0.05576398
0.047608364
-0.18364699
-0.013380455
-0.078545906
-0.051974904
-0.056787282
-0.062179893
0.10471256
-0.11946447
0.00615329
-0.0026074762
0.20419098
-0.07316371
-0.050713167
0.23360118
-0.09026702
0.027642604
-0.07060224
-0.044871394
-0.012478189
0.099388644
0.043379087
0.010786833
-0.06636968
-0.052813586
0.007447108
-0.034784716
-0.032728937
0.00016647475
0.0053728847
-0.03252407
-0.16081548
-0.1217022
0.12560765
0.102858424
-0.017633002
0.024058986
-0.1538541
0.07594994
-0.18708345
-0.21229146
-0.121543765
0.011299448
-0.09102265
0.20067242
0.20874496
0.13117634
-0.029694205
-0.032211788
-0.00022198101
0.068994015
-0.083667636
-0.18879604
0.0806975
0.065121576
0.015101875
-0.19366163
-0.14050607
0.032148786
-0.19426632
0.065740764
0.12877333
0.00932684
0.017876597
-0.09452888
-0.12522703
-0.13968194
0.12213062
-0.13188511
-0.10517079
-0.13746066
-0.024567166
-0.059627827
-0.26395622
-0.17035466
-0.11394751
-0.01836143
-0.16451931
0.015968483
-0.051462673
-0.035459165
-0.08961297
-0.15601198
-0.019075247
-0.0035710414
0.11014515
-0.12902838
0.015002135
0.022070732
0.056412652
-0.16021499
0.0036572248
0.11802826
-0.14791489
-0.07636203
0.1338808
-0.009635965
0.07815796
-0.0315118
-0.17969106
0.0079789795
-0.021936212
-0.12097512
-0.044361565
-0.121467255
-0.18433934
-0.1112618
-0.22440888
-0.021010412
-0.078774735
-0.08291406
0.04352399
0.009638744
-0.08755805
-0.0659683
-0.048720296
0.019123804
-0.23119761
0.06421961
-0.21397807
-0.21600313
-0.043953698
0.029358482
0.12581913
-0.17893724
-0.01642901
0.13044775
-0.16762525
-0.16920455
0.08910774
0.14345092
0.025323538
0.06968562
-0.10525852
-0.0060926927
-0.023532795
-0.035359576
-0.34806052
-0.009177119
-0.15646113
0.030658744
-0.22192045
-0.15314868
0.030901738
-0.0026538952
-0.12487899
-0.03341603
0.0026169517
0.059964664
-0.08441429
-0.012051005
-0.21805972
-0.0575118
0.0028109758
0.0066615785
-0.06335383
-0.11726473
-0.119043976
-0.13965653
0.031148722
0.062014237
-0.21234606
-0.054367818
0.06288936
-0.035647348
-0.035934974
0.03884916
-0.030116323
-0.09248683
-0.0076432587
0.0025889785
-0.19776215
-0.079770096
-0.0070630433
-0.014568665
-0.12562013
0.015879512
-0.16480254
-0.07103724
-0.03179867
-0.05349481
-0.015226406
0.25560042
-0.003268011
-0.22005853
-0.14679456
0.16945486
0.070345245
-0.119333476
0.07155371
-0.0018814397
-0.005716057
-0.07505438
0.03446234
0.14711952
-0.059909392
-0.054798823
-0.017831815
0.06103678
0.17086028
-0.039187238
-0.0831401
0.026004545
0.07132784
-0.040470984
0.018756578
-0.25661036
-0.12390539
0.04409552
0.04584574
-0.093602575
-0.14540221
-0.097609185
-0.015916144
-0.06826037
0.08376341
-0.052385285
-0.09678432
-0.067954876
-0.16958363
-0.09275737
-0.034779724
-0.27048615
-0.0909053
0.08891834
-0.045051202
-0.0061484044
-0.037278846
-0.015149604
0.013807433
-0.04752217
0.08408454
-0.073295705
0.06553122
-0.07488645
0.04860705
-0.049141422
0.08138345
-0.105033495
0.0068420186
0.024045033
0.15654571
-0.03662699
0.03778024
0.061496645
0.058052696
-0.016205875
0.0809407
-0.13633522
-0.085271284
0.015842682
0.010360143
0.040948234
-0.08156292
-0.058346976
-0.115523994
-0.04480561
-0.1119121
-0.021142684
0.028252246
0.053156007
0.07230981
-0.061894123
-0.15657002
-0.05584196
-0.027682472
0.03732972
-0.1128061
0.028668052
0.0012042088
-0.0028857584
0.094851196
0.023449821
-0.033770163
0.07102393
-0.0479663
0.059914798
-0.032595154
-0.14054582
0.037666637
0.0922215
-0.14506307
0.01570145
-0.014574401
0.041329954
-0.08007817
-0.13232537
-0.088897064
0.051103465
0.109991096
-0.019659717
-0.010348173
0.017607925
0.06921668
-0.016005917
-0.039407685
-0.102623455
0.075867504
-0.083053336
0.12054406
0.16054523
0.05423638
-0.08921401
-0.16897026
0.13727398
0.023628917
-0.007612302
0.0035472468
-0.24483792
-0.11201191
0.040885963
-0.031398676
-0.119801626
0.06834443
-0.06099696
0.12951677
-0.046242222
-0.10457099
-0.08122097
-0.17740001
-0.12399778
-0.011314282
0.019000301
0.06275959
-0.21618558
-0.021311343
-0.08663771
-0.02475239
-0.25151807
-0.23300308
-0.004979522
-0.19985738
-0.12526423
-0.17386398
-0.08291185
-0.18310869
0.031177819
-0.05980752
-0.19021785
0.0709359
-0.19378217
-0.2049797
-0.2778691
-0.1775508
-0.24415532
-0.17508398
-0.3482827
0.049885463
-0.025685059
-0.044751197
-0.03493201
0.045344777
-0.12563446
-0.2110756
-0.12497656
-0.09797908
-0.09003108
-0.22837292
-0.037925657
-0.40880844
-0.06618378
-0.028142015
-0.21769145
-0.11048726
-0.00585488
-0.18157366
-0.10323884
0.06769106
-0.09518965
-0.06582663
0.040750496
-0.26723105
0.000982484
-0.06756079
0.011225197
-0.23469304
-0.53720534
-0.17214467
-0.10354438
-0.10724058
-0.25102744
-0.008852084
-0.20299701
-0.08813584
0.021697637
-0.07248275
-0.19914982
0.14317705
-0.14474021
-0.17528741
-0.0138378255
-0.07362791
-0.20494236
-0.40130433
-0.23433341
0.058669362
0.076455355
-0.30151877
-0.006495639
-0.062368933
-0.06956677
0.013944606
0.057683107
-0.12745383
0.05340209
-0.0029131575
-0.042660598
-7.279454e-05
-0.042971764
0.018660096
-0.24276857
-0.009329082
-0.03511938
-0.028665537
-0.22477059
-0.0051831566
-0.1700008
-0.045516912
-0.035304252
-0.10247586
-0.22397034
-0.02011968
-0.0346122
-0.21712272
0.1569636
-0.008386561
-0.14684299
-0.4367742
0.052312538
0.009104434
-0.05160983
-0.09863815
0.06319239
-0.12781112
-0.07642052
-0.035907026
-0.01883139
0.007040656
0.15311395
-0.087400086
-0.15262227
-0.08383026
-0.112623416
-0.08036694
-0.30075732
-0.047872048
0.1341092
-0.18986796
-0.15214565
-0.031377986
-0.10445733
-0.13837278
-0.066078044
0.08689125
-0.13978408
0.0034396893
-0.10950287
0.008279466
-0.05445063
-0.07237001
-0.13379037
-0.11840263
-0.045770004
0.009262023
-0.024235297
-0.049850695
0.13148758
-0.15627009
0.09346525
0.060072992
-0.059240136
-0.055497777
0.098067686
-0.1808922
-0.015718684
0.005317753
-0.12013265
-0.09872429
-0.24271974
-0.085119694
-0.25998315
-0.12316965
-0.16976854
-0.049951766
0.019565972
-0.010478776
-0.16047212
-0.0878313
-0.078301035
-0.019661736
-0.04327371
-0.1512797
0.0051907576
-0.13302957
-0.21067238
-0.06874737
0.090728514
0.12598236
0.06615176
-0.09111409
0.024563186
-0.10823784
0.015610017
-0.14815164
-0.007933894
0.059492636
0.057099104
-0.04919136
0.028298026
-0.21576148
-0.054014318
-0.1324772
-0.209644
-0.013704313
-0.25542915
-0.20673153
-0.3303266
-0.03201277
-0.0073796473
-0.19835472
0.08577162
0.028350815
-0.039712604
0.005644572
-0.15104878
-0.09899718
-0.020335075
0.07084805
-0.046501283
0.029861731
0.104258664
-0.197186
-0.046561364
-0.24525519
-0.005315538
-0.11651788
-0.16828097
-0.08448449
0.11947385
-0.09998833
-0.06044246
0.032776292
-0.1942412
-0.019339437
0.0383
-0.094288886
0.037460256
0.07818421
0.2338576
-0.050071895
-0.07464819
-0.07516222
0.029252585
-0.08950613
-0.08297238
-0.13742413
-0.034815155
0.05101679
-0.070768304
-0.03310446
-0.089166075
-0.010196956
-0.087205365
-0.07120102
-0.1836855
-0.15772241
-0.13270417
-0.042370427
-0.023096886
-0.055064186
0.003210735
0.1309896
-0.060909007
-0.0140257
-0.0117858155
-0.21498664
-0.24197556
-0.096741416
0.02227157
0.025532516
0.09055107
-0.021454372
-0.18081816
-0.16546983
-0.31998459
-0.08932491
-0.195098
-0.08346885
-0.040143944
0.057990476
0.08729731
-0.069888555
0.021183202
-0.2750064
-0.08016713
-0.13611466
0.15072595
-0.0048019597
-0.011131697
0.05544905
-0.050411865
-0.18146373
0.054014996
0.0071282894
0.02499422
-0.04428452
0.058638927
-0.015591845
-0.12800644
-0.07978731
-0.12853846
-0.014364705
0.099269144
-0.10981782
-0.1228032
-0.047658782
-0.07856943
-0.1785965
-0.1613817
0.05258606
-0.10162919
-0.10296751
-0.096744716
-0.08736203
-0.048012514
0.07945268
-0.20271549
0.0036233664
-0.07877207
-0.048060227
-0.09271166
-0.10422935
0.21391645
0.28169504
-0.006663895
-0.13434803
-0.11818146
0.11054848
-0.0893074
0.13998324
-0.013095644
0.29533517
-0.034929063
0.12140992
0.095127
-0.069600634
-0.02500864
0.1483297
0.06843494
0.10204942
-0.11755524
0.21734424
-0.02600281
0.12132492
-0.020711292
0.13333216
0.16597843
0.15016684
0.30164602
-0.024877679
0.08904387
0.116627626
-0.058970965
0.096192546
0.17172568
-0.044508353
0.025824208
0.034843355
0.07494439
0.110589914
0.10032098
0.02581852
0.15158446
0.053577427
0.1282816
-0.00706619
0.2553362
-0.14258386
0.06131548
0.019808035
-0.029533243
0.09229134
-0.2586887
0.12996273
-0.0054144724
0.11693463
-0.10982982
-0.21373594
0.18633008
0.16444199
0.1015231
-0.014063296
0.18561244
-0.12557931
-0.10623547
0.050877832
0.010467089
0.024529519
0.11805128
0.026156284
0.004626287
0.0075229076
0.03692495
0.037759334
-0.23788722
0.26177555
-0.0012542467
0.05641212
-0.037682466
0.32193485
-0.09726414
-0.06142058
0.120483294
0.103466816
-0.07438853
0.27658948
-0.12580748
0.053586055
-0.09571893
0.12958057
0.010422833
-0.10421366
0.16393232
-0.026197404
-0.004405479
0.11085568
0.1613248
0.060502354
-0.06208787
0.10606511
-0.0059294505
-0.085840225
0.03729965
-0.29140577
0.2408
0.0074678655
0.17597227
-0.20126365
-0.051497713
0.17912646
0.035966728
0.1311172
0.058465037
0.15076283
-0.1178078
-0.21777111
0.11034651
-0.08086326
-0.013776351
0.18615387
-0.5832798
0.11728304
-0.05626867
0.22217703
0.03196422
-0.23335604
0.03707238
0.052170604
0.09228213
0.13078465
0.17361338
0.08308533
-0.12840602
0.12468991
0.05580496
-0.15044458
0.058725577
-0.33949223
0.095447265
-0.121531636
-0.011207895
0.02891175
0.005082305
0.17835173
-0.009155597
-0.07414139
0.026445037
0.16618165
0.049711652
-0.047230653
-0.111227944
0.08916783
-0.09539217
0.17927067
-0.50029856
0.048582766
-0.08068338
-0.074585274
-0.1685823
0.18429212
-0.08608116
-0.02353729
-0.032111924
-0.029195981
0.039286476
-0.14957982
-0.12927999
-0.07432188
-0.0023650336
0.03434448
-0.07464634
-0.2076511
-0.14806573
-0.003683746
-0.018114883
-0.04799437
-0.093657985
-0.026198622
0.007876834
-0.06910598
0.078567296
0.089587055
-0.16234502
-0.17360206
0.1601563
0.14097348
-0.08433994
-0.03648637
-0.2268536
0.07632089
-0.1026266
0.080492355
-0.16284052
0.013639474
0.13343288
-0.12262849
-0.06945889
0.124872796
-0.13577144
-0.062383592
0.031888675
0.11579135
-0.05179515
-0.13774103
-0.035322685
-0.099377505
0.009203401
-0.04207471
-0.07821484
-0.19496243
-0.052452076
-0.032126553
-0.018880619
-0.07479686
-0.08581965
-0.0013227755
0.017152093
-0.04823483
-0.10522569
-0.12064127
-0.040326733
-0.025211604
-0.2526493
0.029435366
0.04428567
-0.02289062
-0.15370864
-0.14854953
0.10009267
0.07438129
0.077524185
-0.0054394584
-0.11166881
-0.0013193742
-0.08514092
0.0005951
0.1659441
-0.0970458
0.056686595
-0.21586569
-0.042413883
-0.033062432
0.02010896
-0.15522529
-0.06825774
0.07889787
0.020174375
-0.16522887
-0.05390116
-0.0992224
-0.0074033546
-0.13991983
-0.07109775
-0.24968989
0.01102317
-0.19090629
-0.15991777
-0.17216139
-0.11092745
0.0035506831
-0.09656605
-0.049537264
0.24035262
-0.01794734
-0.011342186
-0.13871542
0.015675608
-0.027750652
-0.1505065
0.05802071
-0.07535427
-0.010098522
-0.15145467
-0.13080949
-0.08759052
0.15268706
-0.009743415
-0.056430284
-0.12684473
-0.051191315
0.030588938
0.026767198
-0.023145521
-0.054118033
0.003812122
-0.09666163
-0.051918827
0.07463151
-0.0030895062
-0.007330109
-0.18385743
-0.08149769
-0.14752804
-0.014827471
-0.028896876
-0.11496039
-0.107928306
-0.12200675
0.05257279
0.13329163
-0.04603639
0.05158072
-0.2235066
0.0028989
0.06726531
-0.019532098
-0.10333935
-0.13687205
-0.10884852
-0.07430293
-0.18574618
-0.2208064
-0.087293535
-0.041779775
0.0046469495
-0.11844464
0.026193323
0.15290725
-0.21328685
-0.17741852
0.018733654
-0.15885653
0.06332755
-0.1443399
0.020886935
-0.06826069
-0.047831025
0.013093669
-0.13558355
-0.043639086
0.041813727
-0.05955379
-0.026050441
-0.11039328
-0.025221312
-0.06478759
-0.1951728
-0.023786254
0.046385124
-0.07843896
0.012555329
-0.011383961
-0.04927722
0.02117311
-0.09299353
-0.23812898
0.10948667
-0.29736948
-0.09015445
0.033925854
0.03229036
-0.12820378
0.02402857
0.017629685
-0.1140691
-0.092469305
-0.072383955
-0.16929953
0.021939892
-0.1461194
0.02794499
-0.12874255
-0.1984835
-0.17941572
0.0018229533
-0.089118
0.08109904
0.037021354
-0.091892265
-0.16091296
-0.21615386
-0.13585748
-0.16916871
-0.07256927
-0.3084209
0.0019171071
-0.08646948
-0.044976458
-0.3054482
0.017351117
-0.08953943
-0.08563694
-0.076485924
0.063365825
0.15703398
-0.13087174
-0.09466169
-0.22034638
0.08933208
-0.07226004
0.019836418
0.03795251
-0.07729898
-0.054107733
0.16548976
-0.033296637
-0.010272066
-0.0064549707
0.01029576
-0.027724173
0.1283832
-0.015031925
-0.017728912
0.1455003
-0.07206266
-0.07511481
-0.17497036
-0.051531572
-0.13308437
-0.038571086
-0.04278523
0.064362235
-0.10935082
-0.18333283
-0.16282652
-0.16998091
-0.0518377
0.07407109
-0.056544475
-0.1701545
-0.21958709
-0.12213488
-0.1897349
-0.0026565348
-0.06446181
-0.044571705
-0.033897646
-0.039251808
-0.015520354
-0.30683962
-0.10877515
-0.15964851
0.099757776
-0.08099363
-0.06375779
0.009692203
-0.07813442
-0.016544107
-0.107444406
-0.15379103
0.0377022
-0.0059983847
0.030034963
-0.027314628
-0.04976498
-0.021541273
-0.28977695
-0.25271192
-0.10601559
-0.10960194
0.10316904
0.03333471
0.1380158
-0.040562604
-0.051448952
-0.06864805
-0.07158779
0.15592843
-0.13343099
-0.26760563
-0.16734459
