0.119617246
-0.041592404
0.044397548
0.05486304
-0.06136443
-0.03349758
-0.105551556
-0.06815012
0.077559315
-0.0136236595
-0.13433157
-0.10810162
-0.19548532
0.027337294
-0.09250626
-0.101724096
-0.049044635
0.0034773147
0.01003704
-0.18088816
0.0151911685
0.07890419
-0.06367038
0.049337912
-0.019505193
-0.066952586
-0.10080675
-0.044356447
0.044815715
-0.12782483
0.048800264
-0.06436707
-0.16677406
0.10624142
0.025711872
0.08222046
0.11113845
-0.11828904
0.025929047
-0.18548338
-0.07195455
-0.0116651915
-0.07505268
0.06275942
0.010741117
0.06545292
0.14270435
0.007787363
-0.1270099
0.1034253
0.058813214
-0.042977206
-0.011810824
-0.04730704
0.11797721
-0.052640826
-0.03582612
0.0054338193
-0.14165276
-0.006609574
0.09497999
0.089750245
0.03921789
0.1439002
-0.017645326
-0.022269202
0.0100351395
0.087147005
0.016202388
-0.023837196
0.027501173
-0.09562817
0.046787858
0.043500036
-0.09682951
-0.014429193
-0.08647341
-0.025728919
-0.038485706
-0.05956568
-0.051587194
0.10687828
-0.049511854
0.05321365
0.061280906
0.016430607
-0.008274464
-0.09012066
0.07003673
0.029755944
-0.021651927
-0.0060229483
-0.045548446
-0.058929365
-0.021216089
0.085919805
0.15113984
-0.042678032
-0.097248934
0.08390799
-0.09662281
0.07333564
0.09925665
0.0503426
0.04429043
-0.0121716345
-0.002098873
0.036814075
0.0981407
-0.099450536
-0.024389554
-0.037676483
0.068147175
-0.07415533
-0.07697896
0.03714145
0.079711124
-0.061866675
-0.026171017
-0.05716458
0.033448786
-0.0518833
-0.04019136
-0.011936344
-0.034794368
0.212529
-0.07024905
0.011141718
0.06933649
0.1893855
0.1040794
0.05361715
0.06997861
0.1461949
0.05210933
-0.06540311
0.036430594
0.021931069
0.003635341
0.036487553
-0.054811988
-0.025715128
-0.06964927
0.13820797
-0.052686974
-0.21889046
-0.0877694
0.16695088
-0.054286916
0.08223489
-0.11711503
-0.032804135
-0.10065676
0.01409061
0.039945614
-0.03766372
-0.078195676
0.09999376
-0.048075132
-0.04019383
-0.06961083
0.0010253467
-0.0038500188
-0.22493501
-0.020545531
-0.034706775
0.010117575
-0.07586933
-0.016609825
-0.08589045
-0.042596746
-0.15340161
-0.087799065
-0.08195572
-0.1163957
-0.019260246
0.008306317
0.06631024
0.04643319
-0.029865665
0.1527058
0.016396781
0.021546721
-0.033063915
0.033014018
-0.0089513045
-0.04525661
-0.040797748
-0.031825136
-0.040956806
0.079514824
0.18115117
-0.1976261
0.032385003
-0.11322972
-0.03359208
-0.058134094
0.09758751
-0.1140784
0.036407467
-0.1035215
0.054698303
-0.08547697
-0.052802764
-0.05636401
-0.038349085
-0.020945795
-0.023212446
0.0017522506
-0.092184976
0.0333516
0.13402471
-0.029871302
-0.0026757657
-0.045953684
-0.08799167
-0.051876538
-0.024786722
-0.049452007
-0.12208267
0.052773595
-0.015332389
0.033848822
0.02301658
-0.0040450934
0.1965925
0.08215949
-0.07933207
0.075747594
-0.028034363
0.07529865
-0.059167974
-0.07949508
0.037836425
-0.065758616
-0.07738396
0.07382052
-0.026128983
-0.028174171
0.17469166
0.06873599
-0.11949611
0.0034837304
-0.03722923
-0.063951366
-0.16507578
0.05186653
0.105088994
0.026937377
-0.017474715
-0.112151
0.017670512
-0.105148435
0.022250552
0.020726388
-0.008011219
0.07409159
0.10499984
-0.05149913
-0.07081221
-0.03641232
0.02843532
-0.09289094
-0.00418518
0.009146492
-0.013870152
0.003801816
0.0618739
0.029440617
0.22770359
-0.036227558
-0.075178176
0.13662465
0.054323483
0.010840373
0.054175284
0.03488343
0.11518677
0.052627534
-0.017644217
-0.0015835628
-0.07062271
0.123837225
-0.037330005
0.01673131
0.059187137
-0.08529229
0.16821924
-0.084167115
0.096887276
-0.04106024
0.14443627
0.12320048
-0.18782131
-0.112689644
-0.028614964
0.04796723
0.09718622
0.08037399
0.021701211
-0.0010437671
-0.06199886
0.0044154315
0.053520896
-0.056788728
-0.102248736
-0.055024896
-0.148901
0.0614246
-8.499589e-05
0.03150219
-0.077065416
0.04855761
0.06341521
0.074370116
-0.13021483
-0.010028157
0.008282943
0.03193095
-0.025351604
0.013388588
0.10388056
-0.02572323
0.019296413
0.15432076
-0.08367829
0.0068752626
0.034399595
0.020947391
-0.1454825
-0.1253546
0.04480299
0.041751873
0.022026788
0.078172214
0.14398704
-0.034218263
0.05822383
-0.033324786
-0.020570364
-0.0071248426
-0.014999253
-0.092670605
0.0988968
0.05339269
-0.13289677
-0.0399634
-0.10818209
0.13348779
0.042812783
-0.027956458
0.0353806
-0.01727693
0.04130739
-0.025480999
0.052650467
0.1575178
-0.0859822
0.007505858
0.0056276517
0.02488502
-0.090497494
0.03892102
-0.013038241
0.066029385
-0.0013571121
0.03000109
0.029614013
0.09081247
0.23493503
-0.05293317
0.07977929
0.09789241
0.07657926
-0.021560801
-0.016363049
0.03707159
0.029838791
0.04683822
0.02606034
-0.079077266
0.038119767
-0.10176856
0.06302534
0.07166923
0.055459134
0.07950076
-0.099126175
-0.19170143
-0.12192363
-0.022532666
0.16461676
0.04624641
-0.018614698
-0.20744859
0.035484582
-0.07689126
-0.09285356
0.008626022
0.13144194
0.0132741565
0.07983564
-0.059848893
-0.040740937
0.10532022
0.010960508
0.0637409
-0.11643976
-0.05394442
0.018604713
0.014358701
0.13846302
-0.008429025
-0.0038291106
0.009162248
0.07394751
0.13249317
0.121057875
-0.039413907
-0.04308455
-0.006410545
0.094661914
0.10150021
0.050692406
0.09818469
-0.037109617
0.04318551
0.019512955
0.052931137
0.07291728
0.03934837
0.087382846
0.004216723
0.027291842
-0.036578275
0.0697225
0.14906032
-0.11250395
-0.010336158
0.06853348
-0.07572455
0.027259132
0.013854431
-0.1127322
0.16585647
-0.03989797
-0.19860105
-0.0051063066
0.0042157536
0.11559291
-0.068269365
-0.0831178
0.09138531
0.010603899
0.04975405
0.000776158
0.02306279
0.05816742
-0.056180753
-0.093414046
-0.04863477
-0.021787183
0.040010273
-0.06486027
-0.009715728
-0.02583742
-0.057326917
0.034369625
0.0787768
-0.032682676
-0.03216109
0.0653431
-0.019095577
-0.06416876
-0.059116002
-0.041190192
0.07934634
0.04906258
0.015396581
0.023698775
0.08470506
-0.008443439
-0.0745058
0.027945813
0.11637156
-0.031795084
0.15317757
-0.14026304
0.03074488
-0.16862181
-0.024951002
0.043853946
0.06142323
-0.015403746
0.080237225
-0.04020417
0.031818677
-0.0021571955
-0.0064896825
-0.06806612
0.016795829
-0.018445883
0.026393
0.0706752
-0.0027381813
0.06915869
-0.07821872
-0.026764188
0.027362727
0.14324328
0.057674155
0.084330544
0.07405983
0.006648882
0.068156675
0.10141214
-0.089077465
-0.08266506
0.078680895
0.02231201
-0.00941381
0.07572487
-0.03640366
0.021180285
0.009459061
0.052730355
0.07869918
0.053709067
0.32489613
0.10259762
-0.01581655
0.054889478
-0.06333391
-0.095044926
0.15496752
-0.07179398
-0.03766284
0.015997542
-0.11258927
-0.110052526
-0.08586423
0.05771502
0.07910412
-0.010708221
-0.0883679
-0.022447437
-0.07117877
0.050313335
0.07553123
-0.06337594
0.05350612
-0.029766396
0.04233094
-0.08000195
-0.029254558
0.13230003
-0.03767553
0.10063192
0.053462673
0.05987833
0.05900958
-0.0068739727
-0.076191545
0.003616771
-0.06005902
-0.030020151
0.119853504
-0.03176499
0.059173472
0.07283469
-0.107287236
-0.08244646
-0.029689685
0.031493172
-0.009681225
0.14096116
-0.08025448
0.17932805
-0.019502768
-0.09077671
-0.016031811
0.061455093
0.20206887
-0.06275491
0.081759125
0.057477362
-0.025912521
0.111195594
0.028756516
0.056479633
-0.05570961
0.013406157
0.07835727
0.111161955
0.028510671
0.043710127
-0.038132127
0.026204381
-0.054971073
-0.10078641
0.049878836
0.0093364995
-0.043327782
-0.011829554
0.07390648
0.049786627
0.07447508
-0.029130127
-0.011158539
-0.023838604
0.07754134
0.028454324
0.06280408
-0.044898577
-0.024342386
0.10456362
0.044713106
0.032749683
-0.049707003
0.08352449
0.019602291
0.058411587
-0.02035092
0.07331181
0.033032607
-0.028911937
-0.15483528
-0.0922616
-0.026577808
-0.11082053
0.05391211
0.04506909
-0.063482545
-0.0072148284
0.030457206
0.065219685
0.04998084
0.099683575
-0.039436415
0.15603952
0.088162415
0.17635281
-0.07911246
-0.0057888157
0.095759585
0.050058078
-0.0615358
0.06075472
0.07789107
0.08358722
-0.01752574
-0.034706987
-0.0753265
0.14867431
0.031149711
-0.06752035
0.119432464
-0.013909203
0.050645426
-0.006738307
0.01078063
0.06821743
0.047040284
0.17193635
-0.076495856
0.05836164
0.037639048
-0.038755286
-0.018119434
0.08758154
0.07458958
-0.016909255
0.016240524
0.07891459
0.01895562
-0.0140988985
-0.13351126
-0.08517129
0.083666384
-0.103729166
0.024373576
0.008174546
-0.023393018
-0.10634595
0.024947299
-0.02333079
-0.03275281
-0.060214035
-0.06403861
-0.14594467
-0.02017398
0.019858502
-0.020391325
-0.064466625
0.042213902
0.09590965
0.009739218
0.08728824
-0.1260171
0.00011904472
0.020105697
0.1449069
0.026341747
0.08000158
0.02146097
0.050130166
-0.05723733
0.11728494
-0.08091634
0.056931008
0.031007916
0.13131979
-0.084018946
0.10821489
-0.08532355
-0.078923956
-0.08363265
0.08922491
0.045416676
0.011885396
-0.08077016
-0.06289513
0.0630993
-0.0060882214
0.009594239
0.037009902
0.06309545
-0.05742474
-0.045999754
0.0038360124
0.041856922
0.06146005
-0.002063318
0.06681106
0.024147647
0.15756018
-0.08507778
-0.03447209
0.07072702
0.010769048
0.008508882
-0.028486341
-0.044018097
0.08962157
0.0011960381
-0.0782695
0.051905088
0.01411539
-0.07916222
0.17645884
-0.03103676
-0.043016724
0.1668465
-0.07225719
-0.08851084
-0.006068909
0.06650976
-0.07447747
-0.018624933
0.090544656
0.067051075
0.08110788
-0.100927465
0.034313284
0.051296588
0.03453048
-0.04050915
0.021715917
0.04102402
0.0008992127
0.24210842
0.031432766
0.047308285
0.005254472
-0.12007517
-0.021817096
-0.073859066
-0.04022135
0.0037942277
0.061993636
-0.004882979
-0.045648444
-0.019938823
-0.002683383
-0.0431186
0.056044567
-0.03005778
-0.0701793
0.0048067765
-0.022102518
0.004141917
0.06902341
-0.03396871
0.05807283
-0.07401709
-0.067432396
-0.053674944
-0.10129473
0.05826313
-0.08091419
-0.0015153113
-0.03580343
0.05211567
-0.08858853
0.02130742
0.021686306
0.0016173024
0.06256196
-0.0037198733
-0.11005009
-0.050957136
0.025175542
-0.015475326
-0.020202613
-0.008057996
0.040846575
0.3070167
0.1449041
-0.12877531
-0.0010117695
-0.009355416
-0.0044017876
0.1037809
-0.0059236623
0.016785784
0.019522468
-0.093407966
-0.0216656
-0.050930567
-0.0035700689
-0.013217281
-0.090421505
0.061857574
0.07035138
-0.07635424
0.018038766
0.06560339
0.009451135
-0.063935526
-0.054355193
0.035572372
0.009491484
-0.14142856
-0.026143152
-0.08111436
0.120505795
0.017341916
-0.033690345
0.084958285
0.035740245
0.0836507
0.038190495
-0.0056957547
-0.023016943
0.051609498
0.04781508
0.08074385
0.16767728
-0.0040982766
-0.01263043
0.0686807
0.009792934
-0.024206012
0.14992714
-0.09008712
-0.088303015
-0.06617856
0.054682434
0.06724759
-0.0057165227
-0.047800995
-0.02663746
0.050333332
0.15072565
0.053689033
0.0789124
-0.039097812
0.036438853
-0.059623253
0.025600152
-0.012745132
-0.03497581
-0.097021274
-0.03699954
-0.016976602
-0.061606698
-0.037841618
-0.0026821748
-0.02331993
0.046071805
0.018796926
0.02624269
-0.062018123
-0.20948584
0.050411027
-0.0945024
0.1005749
-0.035360653
0.078651085
-0.016931858
0.06738174
0.031633165
0.1036442
-0.09757942
0.07189206
-0.022838332
0.06846262
0.060936555
0.055798244
0.094878994
0.058718983
0.043173455
0.042326923
-0.1755956
-0.0388138
0.07833607
0.050063018
0.016379368
-0.0593574
-0.11927292
-0.094888695
0.15255085
0.020570291
0.04459837
-0.052558493
-0.0892857
0.1437155
-0.0569106
0.07243513
-0.030972466
-0.078905635
-0.045208458
-0.15576638
-0.08771741
-0.010905925
0.020464921
0.030096145
0.03353303
0.12562758
-0.058231864
0.062729664
-0.16172823
-0.08704453
0.031697676
-0.04852491
0.033666242
-0.03690252
-0.07584105
0.06617797
0.08419598
0.0078233415
0.062302038
-0.07515439
0.0012573982
0.04447259
0.037036985
0.012436329
-0.055706955
0.032914545
-0.09618338
-0.0040458697
0.08401118
0.17957844
-0.12269358
-0.1149051
0.03223981
-0.013344684
0.14439875
0.120639905
0.08084054
-0.06329291
-0.059249148
-0.103542075
-0.008381919
-0.049356576
-0.0583917
-0.050493065
0.047995135
0.09832703
0.061193734
-0.015853299
-0.00620937
0.0877762
-0.0835803
-0.009617112
-0.008128123
0.10951382
-0.022252684
0.017355153
-0.034560807
-0.079110414
0.011943678
-0.036910113
-0.08038898
-0.048499122
0.06557319
-0.00433499
-0.018982412
-0.0072480333
0.049491465
-0.0023914403
0.029882275
0.14637494
-0.030629415
0.07088838
0.053706367
0.07290656
-0.094852865
-0.021953065
0.020910865
0.039193682
0.10532919
0.056701183
0.016817832
-0.16950396
-0.021030305
0.035606224
-0.03981343
0.076089084
0.08011281
0.022688525
0.15574923
-0.11372658
0.08662539
0.039795846
0.14182676
-0.030427936
0.049926966
-0.053484138
-0.0119689675
-0.06428391
0.101129554
0.03610935
0.0663416
-0.073333085
-0.022368368
0.08720392
-0.06924931
0.06489466
0.08439791
0.039250016
0.0067976387
0.05349079
-0.025763873
0.027992444
0.07958029
0.016677259
0.09631393
-0.058558453
0.060781326
0.15958837
0.05188416
0.036201425
-0.060912024
0.053950943
0.04833119
-0.05051538
-0.14392263
-0.051008057
-0.0030155836
-0.04639939
-0.009075266
0.010336638
0.14133668
-0.052952483
-0.12474517
-0.22554193
-0.10287109
-0.039137606
0.018070577
0.0049728937
0.012129033
0.07133214
-0.045104407
0.018244633
0.101582184
-0.024568832
0.058577936
-0.064040326
0.0011071058
0.027809193
0.08194141
0.0142160235
0.023905588
0.0423453
0.021648105
-0.05766613
0.013645215
-0.14064386
0.07417385
-0.096849866
-0.08594279
-0.007987693
-0.053349137
0.07005642
0.13828836
-0.08206303
-0.024340179
-0.019451741
0.020331925
-0.007508192
-0.01888905
0.072059475
-0.044184387
-0.113370724
-0.10206267
-0.04330158
0.14738812
-0.043757375
0.013537092
-0.0045698457
-0.084937714
0.031272195
0.06626498
-0.024402006
0.051486876
0.023284242
-0.12575378
0.09641525
0.059793457
-0.059023518
0.10066702
0.010722682
0.095208496
0.06959264
0.086439684
-0.06123367
0.058051363
-0.004000647
-0.07303748
0.15525502
0.029289637
0.036402237
0.120805584
0.023101784
-0.016108226
-0.088289216
-0.059674267
-0.038984857
0.10481419
0.013258908
-0.063936874
0.089412645
-0.010350164
0.069219224
0.054133516
0.05958557
-0.0059841764
0.0099951
0.067574725
0.035965834
0.14032951
-0.02423987
-0.020863637
0.04287059
0.004798048
0.01138995
-0.068812035
-0.16248028
0.0721609
-0.14731419
0.08306692
0.14664981
0.012966502
0.043535892
0.146877
-0.06777147
-0.18952253
0.07290702
-0.020424249
-0.055995736
0.044318974
-0.037370514
0.02354705
0.06182109
-0.0013457466
0.077070534
0.06261435
-0.081260264
-0.03885902
-0.051741574
0.08115989
-0.07616645
-0.07554984
-0.013265724
0.0643538
0.03850042
-0.08891857
0.08677236
-0.033965036
-0.005664091
-0.0302798
0.037454627
0.06500273
0.1417329
-0.081845865
-0.038340066
0.0478876
-0.03238512
-0.08774296
-0.020558765
0.03782525
-0.05491299
0.03591883
-0.08098355
0.1549591
0.00034067582
0.11828105
0.08554189
0.045645434
-0.042732626
-0.034358494
-0.1176463
0.11587291
0.09494512
0.08993616
-0.0104604885
0.03263442
0.019831432
-0.044366665
0.0035351536
0.07593994
0.04089638
-0.013680189
-0.03944348
-0.048836656
-0.0860509
0.0048757126
0.030179165
-0.09974945
-0.040842857
-0.026977737
-0.20985049
0.036398087
-0.01579974
0.01828837
-0.07899541
-0.08701506
0.03329009
0.03718293
-0.058206342
0.066325046
-0.03565582
-0.0040377746
0.007376972
0.01542349
0.06621436
0.057266958
0.0003391699
0.015976833
-0.15300617
-0.033306986
-0.18135887
0.0949387
0.08441318
0.16367939
0.07056249
0.020864286
0.0503599
-0.15301873
-0.1284158
0.054320592
-0.054438878
0.03704846
-0.008325993
0.0045810086
0.019321762
0.11107104
-0.08745625
0.052459978
0.03881596
-0.024445515
0.009635005
-0.05160596
0.030974671
-0.01254267
-0.034359876
-0.12547782
-0.09435245
0.027660148
-0.036495835
-0.10548999
0.06539556
0.0832787
0.043101873
-0.091034085
-0.009256233
0.0040492397
-0.08855926
-0.12047938
0.023392934
0.025010232
-0.06028892
-0.022296682
0.013778096
0.08790241
-0.032256767
0.058677685
-0.09206543
0.076144725
-0.028303824
-0.094539054
-0.13098203
0.05429607
-0.017183779
0.25775585
0.11932093
0.12989971
-0.02614542
0.09745062
-0.083138585
0.031931683
0.062246
0.010768522
-0.024259452
0.13589606
0.02419367
0.09168879
0.015188685
-0.0076658367
-0.051601864
-0.031204382
0.032229185
-0.07109353
0.10459436
-0.111493915
-0.09709741
-0.086137906
0.13013507
0.04498723
0.1419573
0.02791793
-0.012762203
-0.055958685
0.053428978
-0.13809614
0.046724845
0.10145633
0.07604765
0.027762499
0.088172294
0.05562686
0.0037635523
0.13795927
0.012405783
0.1254228
0.018918825
0.0068704034
-0.05546456
-0.02955672
-0.0051659867
-0.072793074
0.06581521
0.11922817
0.14856967
-0.009456672
-0.13950571
0.12542768
0.044698164
-0.05637441
-0.10945394
0.03223156
0.003778715
0.12887174
0.14233688
-0.021011205
0.06990791
0.064778976
-0.003218111
0.037006874
0.019674089
-0.048538446
-0.023586577
0.0057199663
0.08469164
0.049328167
0.029867845
0.06125516
-0.015520438
0.037372757
-0.002149576
-0.05288442
0.033327844
0.17192556
0.10874715
0.15915586
0.06471229
-0.019235184
-0.0010660107
0.047627766
0.015983347
-0.00383606
-0.055149138
-0.043493032
0.010154667
0.06840758
-0.032203365
0.09197844
0.080774516
0.1455159
-0.021088105
0.042476058
-0.023545813
0.03748933
-0.078275844
0.054753933
-0.10811455
0.024414295
-0.019692633
0.13006634
0.05108777
0.07833193
-0.043205585
0.066583164
0.005643973
0.06657476
0.0871928
0.055046078
-0.07494551
-0.08629597
0.024874136
-0.07267426
-0.09330012
-0.014396317
-0.10255566
-0.07734418
0.055891458
0.0803967
-0.09324701
-0.012970511
-0.06256707
-0.0322343
-0.0030834612
0.11698058
0.120071165
-0.02615991
0.034924377
0.07178204
-0.031386722
-0.11379599
-0.054680634
-0.04366482
0.025160145
0.37898773
-0.06555841
-0.057345543
-0.06932857
-0.07372624
0.08274572
0.2321463
0.05785516
-0.15534842
-0.003426487
0.047718015
-0.07548352
-0.06617944
-0.064993374
-0.09960482
0.05917154
0.0309966
0.1131101
0.08220085
-0.03416581
0.019545065
0.08109364
-0.08464882
-0.0024440559
-0.030555211
-0.06461866
-0.11278641
-0.028590644
-0.011057651
-0.0646866
-0.009526153
0.14324409
-0.022654282
0.018295787
0.03215117
0.13000125
-0.024335796
0.003849805
-0.13734168
-0.04712243
-0.029165043
0.074931234
0.10996277
-0.0011249143
0.15832046
0.06643038
0.18177415
0.013595014
0.004102491
0.00052476896
-0.15049703
-0.14615554
-0.14961071
-0.039126586
-0.044668563
0.050080594
-0.007572893
-0.058637004
-0.0020464456
0.06578418
0.002496843
-0.05195813
0.028208036
0.023438845
-0.07065031
0.045195486
0.07818737
-0.00865803
0.028905839
-0.08876829
-0.044788767
-0.08363678
-0.13481174
0.06838068
0.057465356
0.013121132
0.002867508
-0.0708465
-0.08385612
0.090342194
0.01323994
-0.040685106
-0.11951905
0.11641638
0.08321572
0.011802551
-0.15753767
0.08466163
0.026754465
-0.08438369
-0.06299529
0.08041677
0.11338095
-0.13756219
0.068290226
-0.12946092
0.096889906
-0.10186298
-0.13100529
0.025734197
-0.025187826
0.009466383
-0.033686437
0.05728705
0.13750887
-0.10458329
0.1827744
-0.12769528
-0.10834202
0.058743272
0.10049759
0.02293484
0.05861526
-0.060834322
0.020595748
0.05695243
0.107028976
-0.06355442
-0.021373624
-0.063334204
-0.13179527
-0.03096715
-0.01885097
0.043865353
0.097912975
-0.16830966
-0.2162058
-0.045802023
-0.020130213
0.0065335864
0.053053524
-0.02754058
0.13214628
0.027993165
-0.23003434
0.080762245
-0.084379025
0.04263253
-0.099126235
-0.060853787
-0.12726465
-0.05239962
0.004481774
-0.04766047
-0.1418904
0.007242891
-0.010820916
-0.14807886
-0.05894293
-0.06778465
0.023555407
0.0138103245
0.00066392653
-0.082973346
-0.015398398
0.024596453
-0.025371846
-0.036293805
-0.06409662
0.08674894
-0.035500694
-0.11956471
0.032739975
-0.034027305
-0.06936075
0.0070312503
-0.06943936
-0.040356994
-0.12275696
-0.084403604
-0.020074237
-0.05727308
-0.0019965477
-0.11384565
-0.119569175
-0.013283947
-0.0023628224
-0.039748497
-0.035280786
-0.01269562
0.14405905
0.008662283
-0.089756876
0.02091712
-0.024628824
-0.0615582
0.07614337
-0.08703209
-0.06521371
-0.12775448
-0.098471254
-0.01789116
-0.099004716
-0.021563394
0.053082123
0.05590623
0.049323395
0.009928383
-0.12757774
-0.23130578
0.024702895
-0.047810774
-0.063898675
-0.22367573
0.15017077
0.07300354
-0.06506889
-0.10006774
-0.06934613
-0.10396988
-0.082081236
0.09610783
0.116899595
0.011433272
-0.0809108
-0.019162485
-0.06742068
0.04801521
0.0029748776
-0.16234267
-0.10006192
-0.14483252
-0.1442425
0.09277083
-0.040129885
-0.07009523
-0.07327685
-0.0105033
-0.03683462
-0.011146125
-0.1150408
-0.06646216
-0.061816435
-0.02186775
-0.0065222904
0.009309222
-0.10220753
-0.015656272
0.061238218
0.0070798444
0.03828244
0.04906089
0.013584945
-0.11765199
-0.17625631
-0.0914996
-0.10464403
0.02277184
-0.22742698
0.066130504
-0.11996263
0.020406673
-0.12663539
0.040416572
0.119450904
-0.06898936
-0.13362494
0.002188068
0.012567387
0.06646711
-0.004110441
-0.070972875
-0.05419828
-0.04436887
-0.0806971
-0.09565984
0.11968979
0.01612574
-0.03683151
-0.12856671
-0.10731769
-0.057493545
-0.06236183
-0.033891432
0.06999405
-0.098415025
0.037387308
0.002379106
-0.036826182
-0.05258421
-0.01446587
0.06501162
-0.04129057
0.0064334334
-0.043623175
0.056638222
0.21293293
-0.17054167
-0.24242507
0.09981836
0.046533454
0.049525235
0.10774295
0.08836255
-0.17075388
-0.06652925
-0.13426267
0.04048667
-0.07943133
0.22305065
-0.04720595
-0.07717362
0.13396867
-0.009685102
0.031834263
0.05337904
0.057890415
-0.03411835
0.0799214
-0.0567847
0.08421899
0.08965758
-0.09023433
-0.040967368
-0.19142286
0.0014665348
0.07323857
-0.16288152
0.05922972
0.017306942
0.04683192
-0.03461354
0.08402428
0.030771498
-0.02650312
0.079203546
0.04405007
-0.0018980727
0.09939134
0.082210176
-0.10317089
0.022599604
-0.047584403
-0.09882167
0.05882585
-0.076968335
-0.00062465726
-0.15420307
0.0062268856
0.05544118
0.0007761995
-0.058832124
-0.018052472
0.0060029128
-0.047286686
0.06843795
-0.030848308
0.01318716
0.13521773
-0.061684467
0.099987686
0.056098994
0.058341198
-0.033814084
0.08816619
-0.049314193
-0.0029401337
-0.0075403955
0.103235364
-0.00052008306
-0.05602052
-0.012828812
-0.29638413
-0.025125979
-0.063676566
-0.1292599
-0.036307164
-0.004454717
-0.1047463
0.021045519
0.028774329
-0.15163915
0.028661827
0.10994678
0.05915002
0.021492574
0.06433978
0.02967542
-0.018448021
0.045462653
-0.132208
0.11552278
-0.057318915
-0.026148146
0.0007574903
-0.13593075
-0.021325259
0.013333193
0.008234933
0.022239352
0.009722906
0.14047547
-0.010136498
-0.07785802
-0.048458483
-0.023183066
-0.10913281
0.02224236
-0.0029872186
-0.0028118638
0.048468154
-0.014382098
-0.037612252
0.039972313
-0.04984944
-0.022939641
0.062996976
0.026064431
0.07786827
0.03854092
-0.03285566
0.050621897
0.094412155
-0.09976104
0.117749736
0.035156276
-0.047591303
-0.004190509
-0.04634435
0.033654563
0.038205653
0.085245736
0.09740684
0.060314972
-0.07366238
0.010193589
-0.03710992
0.01633184
-0.10926493
-0.06599446
0.08639259
0.0053502643
-0.046491556
0.30439308
0.0142299775
0.037507612
-0.052010264
-0.13685057
-0.1759358
-0.08695975
-0.20155126
0.061138675
0.037983246
-0.0748075
0.0675138
-0.022125825
0.060874645
-0.028508428
-0.07568677
-0.040069986
0.021754961
0.101526156
0.06437198
0.032950092
0.037000105
-0.073809735
0.00067740877
0.06425264
-0.024759905
0.034470882
-0.045406688
-0.056795005
-0.19709088
-0.09867889
-0.0011807564
0.041483577
0.092825375
-0.13127548
-0.06851518
0.04965152
0.023171337
0.015411162
-0.0049991347
-0.059826653
0.037828133
0.017522993
0.041455418
-0.015964214
-0.05260871
0.11763692
0.038063787
-0.019011524
0.0028812408
0.003073466
0.06039295
0.11685303
-0.093044154
-0.011696497
0.0006013479
-0.021296946
0.0063103917
-0.096725546
0.15979587
-0.020929744
0.087888345
-0.07664049
0.037692938
-0.09476983
-0.06518854
0.005065499
0.07002351
-0.017682206
0.026604457
-0.067209594
-0.00054869964
0.059308145
-0.08437946
0.0804822
0.05448932
0.032966148
0.14184721
-0.037470818
0.063708276
-0.062280525
-0.033061177
-0.03393316
0.018391235
0.11805823
0.16813196
0.071562976
0.023613704
0.017460229
0.009931536
0.051883798
0.00015444943
0.069338106
0.20241265
0.016854212
-0.038675312
-0.01408564
-0.09866727
0.016962511
0.07927613
-0.0054564807
0.11786604
-0.20834792
0.07198171
0.07904307
-0.09019381
-0.02778876
-0.015915819
-0.069387905
-0.018462818
-0.037943494
0.026964866
-0.09054113
-0.07168308
-0.012072767
-0.05579283
-0.0024399431
0.035207327
-0.041061103
-0.037141565
-0.06150043
0.04220081
-0.089704186
0.06108885
0.097225346
-0.019267734
0.0042856336
0.07644951
0.054522034
0.07689594
0.012829066
0.027152846
0.07465499
0.124416426
0.03217169
0.015043719
-0.053808868
-0.0080080815
-0.04814079
-0.006614746
-0.04339512
0.019168507
-0.051049273
-0.10922186
0.051556706
-0.05303563
0.042454127
-0.11632685
0.2123434
-0.16305155
-0.050650682
-0.11214942
-0.097044
-0.032275844
0.07701969
-0.059863135
0.06687927
-0.05267958
-0.06765605
-0.047557175
-0.010858395
0.073976025
0.061374716
-0.019415945
-0.04590197
0.0731745
0.07345123
-0.02422662
0.06749291
0.13549978
0.058753062
0.07610404
0.043773007
0.017405296
-0.042362913
-0.0058709793
0.010236821
-0.031415273
-0.03112414
0.15145671
0.06825971
0.0034778845
0.029772094
0.04915794
0.010945417
0.041334342
-0.05859987
-0.022691347
-0.17707843
-0.04645065
-0.07417321
0.101026356
0.014307037
0.12422166
0.017485982
-0.1522308
-0.020889217
0.030910237
-0.08679355
0.1702903
-0.029724358
0.12571272
0.028751038
0.13590218
-0.07609986
0.011955658
-0.030189013
-0.047321513
-0.11586594
0.04712285
0.073537216
-0.077163495
-0.049018897
0.056091502
-0.012115456
0.012900903
0.012168088
-0.0690537
0.05106237
0.0016306726
-0.032532122
-0.082639426
0.018429445
-0.02811506
-0.02896883
0.026124172
0.02751156
0.10595897
0.00644949
0.01035518
-0.014442554
0.017915456
-0.029923894
0.06933031
-0.026167562
0.029780433
0.101119176
-0.06515272
-0.06871236
-0.107772335
0.03847384
-0.081368916
0.09653741
-0.0013918299
-0.0019197055
0.12281222
0.03325848
0.1332869
0.053053916
-0.029778969
-0.036254916
0.11526183
0.032523446
0.07759812
-0.058208138
0.023752496
-0.008638155
-0.043433372
-0.00864856
0.04859126
0.06874803
-0.051504005
-0.018984945
0.05215388
-0.013365155
0.08204523
0.07073608
0.035395395
-0.06869312
0.20552619
0.058823455
-0.050858945
0.04808511
-0.06354653
0.062264457
0.08494545
0.054907434
0.07272056
0.046078067
-0.03233302
-0.026477491
0.01742935
-4.554201e-05
-0.0913624
-0.0816026
0.048241418
0.05783894
0.07479254
0.16994287
-0.07255653
-0.044553567
-0.039027475
0.1896975
0.099166125
0.00035042933
0.057366975
-0.09944392
0.0078006517
0.13737825
-0.13564758
0.08467919
0.002364344
0.032168966
0.057946585
-0.03499823
0.081440076
-0.018255025
-0.038133048
-0.012917057
-0.059308533
0.022517348
-0.045135126
0.07044245
-0.17827325
0.079069056
0.071988255
-0.03956412
-0.17671612
-0.11204105
0.0869928
-0.07704384
-0.081346035
-0.0279842
-0.044673648
0.024539689
-0.022695713
0.012214447
0.045832895
-0.045186218
-0.004435788
-0.058281746
0.0019826288
0.14993916
-0.05582374
0.087193936
0.07716894
-0.10704016
0.054391596
-0.03544479
0.009098916
-0.069630764
-0.0922445
-0.23017552
0.13774271
0.28049964
0.1160459
-0.019998202
-0.056278214
-0.00011941223
-0.0050481674
0.07045632
-0.061112355
0.013711546
0.0046086265
-0.00985092
0.05331387
0.029252553
-0.023318917
0.07391258
-0.029800327
-0.046234485
0.08335333
-0.03165834
0.011202089
-0.027191877
0.07560327
-0.023205983
0.07256019
0.040086124
0.057923418
-0.06535979
0.043295093
-0.099453166
-0.07194913
-0.022418974
-0.025767276
0.06406816
-0.061745383
-0.01483042
-0.03826546
-0.03013907
-0.08860679
-0.08834263
-0.19224219
0.15018913
0.08789167
0.0063491464
0.060987502
0.10396854
0.042705186
0.042940572
-1.9710278e-05
0.09481135
-0.15431091
0.082151495
0.03248985
0.09448353
-0.05872881
0.062357876
0.13219276
-0.032044396
-0.08717924
0.015334382
0.028964257
-0.026327394
0.0024751388
-0.034364544
0.17250063
0.05183273
0.020687697
0.0051637795
-0.08011871
0.017721558
0.117439725
0.046097875
0.006919884
-0.051035553
-0.050970506
-0.010461351
0.014509821
-0.07728555
0.070161745
0.06867852
-0.02006525
-0.05866781
0.033693824
-0.06303947
0.03625448
-0.044066463
0.03752031
0.023144783
0.05538209
0.0709161
0.083889365
-0.0358925
-0.17973262
0.010219589
-0.0076961033
-0.02312932
0.020681985
0.07777915
0.022286035
-0.09207499
0.094455995
-0.079068385
0.042116728
0.046682004
0.05444037
-0.077126704
-0.054501772
0.06834628
0.01069734
-0.0015076268
-0.025923965
0.060012918
-0.03216658
0.058147356
-0.027505783
-0.08276228
0.019924866
0.011239405
-0.013255995
-0.06279339
-0.05417513
0.079476476
0.034642827
0.019232113
-0.0013729054
-0.023741001
0.036249068
-0.09042366
-0.03953309
-0.037320543
0.061671037
-0.040213604
0.081145614
0.069530964
-0.02584638
-0.07728616
-0.09759361
0.04872106
0.037114542
0.0111318985
-0.020564508
0.029739443
0.043550543
-0.005575339
-0.030432887
-0.11214122
0.06428147
0.056193065
-0.0151753295
0.046130262
0.015653308
0.046841737
-0.015232386
-0.027055165
0.030409528
0.046614297
0.07905351
0.052636325
-0.013311852
-0.05151644
0.0022865965
-0.042229578
0.12672634
-0.05592339
0.05245637
0.0576064
0.0038095536
0.04025777
-0.03899101
-0.06434556
0.061024375
0.047059484
0.1257333
-0.03239184
0.0028446382
0.05895896
0.06962768
0.012772271
-0.023432186
0.053807925
-0.0278358
-0.040921163
0.017429791
-0.008681943
-0.06500617
0.030315584
0.10356598
-0.0032012
-0.05245743
-0.068610825
0.0895351
-0.020184135
0.01625546
-0.06872283
0.18161571
0.048999805
0.048239537
0.059272587
0.14500843
0.07545182
0.06110975
-0.007895215
0.038002774
-0.022075593
0.017059436
-0.025740072
-0.07935293
0.09844297
0.06933418
-0.05958866
-0.12972717
0.015936285
-0.009712556
0.026646549
0.18807156
-0.048259098
0.09432348
0.008216849
0.0059913737
0.042953905
-0.04761607
0.052529853
0.053008843
0.07308939
0.0810429
0.06718977
0.08496473
-0.07922426
0.08473206
-0.1351251
-0.115054004
-0.083643936
-0.115253426
-0.065861724
-0.031974148
-0.058932457
-0.032902785
0.0031039808
0.07512402
0.012012187
0.14803882
0.042352956
-0.11202289
-0.043420773
0.03586859
0.031274065
0.02270587
-0.034779884
-0.033494655
0.028588446
-0.030084437
-0.03036693
0.013028495
-0.034573585
0.07673019
-0.029637178
0.04665944
-0.037894852
-0.092613675
-0.03466954
0.047595926
0.07114358
-0.11888719
-0.054859087
-0.04010138
0.019910594
0.002868109
-0.06462176
-0.12079745
-0.05327667
0.078093514
0.0038287488
0.002299266
-0.022922032
0.03676906
0.028844483
0.09244341
0.17167988
-0.074432075
0.006660627
-0.115140095
-0.028151328
0.027017148
-0.1197005
-0.03751967
-0.008213336
0.25103495
0.00967932
0.1869149
-0.05417068
-0.10112606
-0.017076075
-0.019193053
0.09003641
0.101828076
-0.0070004296
0.0096575795
-0.049660597
0.021936748
-0.019642346
-0.0416612
0.063673265
-0.052600935
0.03519073
-0.021580279
-0.034786884
0.13080443
-0.03859621
-0.056434155
-0.0067806346
0.09628587
-0.027059587
0.038370583
-0.06631902
-0.062336363
-0.024434704
-0.035711866
-0.08472862
0.0660569
-0.017714217
0.031070748
0.012049009
-0.0986509
-0.020176465
0.048749067
0.10640239
-0.049491093
0.08029264
0.009183167
-0.012107852
0.05111887
-0.013466092
0.04907139
0.09150745
0.019667447
0.03537311
-0.13576221
-0.0907849
-0.049426388
0.017157016
0.051057078
-0.036514413
0.11155422
0.022017539
0.103664465
0.0657275
0.052747156
-0.043322057
-0.042568672
0.0774318
-0.03519349
0.118452184
0.12160823
-0.015152056
0.025504146
0.06477491
0.070834614
0.0984956
0.22423771
0.0018202232
0.040302217
-0.021297965
0.047569647
0.060713977
0.024850963
-0.06895481
0.061849605
0.08016696
-0.09024068
0.07034453
-0.054666087
-0.0723393
0.0608637
0.0014798925
0.0016272318
-0.0067226705
0.11204493
-0.023781924
0.041388907
0.029889166
-0.08667913
0.12515897
0.028719306
-0.048498243
-0.12112932
0.012932374
0.010098166
0.053997416
0.037213746
-0.0253369
-0.01586783
-0.06592112
-0.12027487
-0.106313184
0.036949247
-0.08009752
0.117504835
0.10922361
-0.05851952
-0.04791731
0.009034106
0.03806096
-0.29056904
-0.08015411
-0.071835764
-0.02034361
-0.10192667
-0.06549113
-0.058350276
0.049954843
-0.07709396
-0.059012324
0.17672655
0.028447844
0.05142036
-0.006490116
-0.03834216
-0.04620013
-0.024644896
0.003158914
-0.11839844
-0.05932524
-0.10729819
-0.06962093
-0.023237556
-0.14851004
-0.23380008
0.007894175
-0.110996865
-0.05776282
0.05820098
0.12110211
-0.17519216
-0.006626949
0.024853209
0.039565053
0.0590127
-0.04310272
-0.043358468
-0.07753017
0.0574592
-0.17537805
-0.030952865
0.007805336
0.05975751
-0.013495352
0.06394374
0.10987236
-0.008569186
-0.0136208255
-0.19347982
-0.03513503
0.028383862
-0.029099856
-0.02137617
-0.039438143
0.016830223
-0.036470834
0.09882577
0.03384613
0.06913069
-0.030030405
0.04830377
-0.03227686
-0.043215834
0.0899267
-0.055451408
0.07590207
-0.28430584
0.016822992
0.07057108
0.034483645
-0.09128902
0.027317075
0.059518963
0.010184444
0.054173503
0.047222156
-0.084635004
0.03996276
-0.12891474
-0.16691147
-0.0060139
0.07915165
-0.0049549937
-0.001736111
0.048973136
0.06460663
-0.055689186
0.06007479
-0.003241226
-0.023852486
0.024232693
0.06483607
0.0050911205
0.085608035
0.063015975
-0.040755462
-0.23436002
0.008152139
-0.034458917
0.08301625
0.012689431
-0.029780729
0.075184256
0.08907061
-0.043750416
0.05379909
0.07368176
-0.037239555
0.02138253
0.03022271
-0.04609268
0.08858071
-0.08144079
0.012474413
-0.10899627
-0.10510453
-0.04255764
-0.120152734
0.021535005
0.016938861
0.10398332
0.06974565
0.0320234
0.08989964
-0.06837192
-0.0043966398
-0.17105092
0.114137135
0.018566797
-0.027351033
-0.041378226
0.06350424
0.14180444
-0.09543536
0.044433206
0.05549728
-0.008354846
-0.03667188
-0.024066271
0.07340456
-0.01216799
-0.036371145
-0.016284147
-0.07545217
-0.29035252
-0.0065828892
-0.046780527
0.03284117
0.08041205
-0.07937832
0.028387617
-0.05758341
-0.10042172
-0.05200321
0.09991268
-0.037811905
0.005029626
-0.009333303
0.008798689
0.09289772
-0.064247824
0.085939206
-0.10419465
0.06157384
-0.009188677
0.15175979
-0.058201328
0.00019229966
-0.024343288
0.10174617
-0.07225199
-0.10764928
0.0002875282
-0.05385861
0.031643193
0.21220657
0.06993854
0.055086017
-0.06540966
0.005127912
0.040640943
-0.04159837
0.10307951
-0.037896503
-0.0052478164
0.0055697337
0.050724585
0.005833811
0.004359758
0.052737743
0.07587193
0.021269077
-0.20990063
0.033119377
-0.06449651
0.10852133
-0.1523477
-0.038238093
0.02591063
0.07117709
-0.03149726
-0.0222209
-0.031300332
0.09851285
0.05763282
0.04013556
-0.019683918
0.0072404845
0.02859558
0.033887763
-0.09264607
-0.043115597
-0.056876138
0.101312496
-0.07430911
0.14236951
0.03145289
-0.003314685
-0.07810583
-0.029888004
-0.1661745
-0.1173632
-0.078388594
-0.23592058
0.0687042
-0.0070587816
0.14528391
-0.012504548
-0.004337198
-0.009146478
0.057558812
-0.08375833
-0.009208765
0.01152329
-0.019628502
-0.043438993
-0.06329183
0.15587303
-0.052455585
0.09632276
-0.26559246
0.05665716
0.022904515
0.063432984
0.084559456
-0.04758197
-0.0023402348
0.08256993
0.069641605
0.15122016
0.14336653
-0.10280116
0.06400128
0.043007247
0.09947765
-0.022843827
0.021319201
0.025665406
-0.0057824254
-0.106035516
-0.067437574
0.15249231
0.024453798
0.0073810653
0.24511927
0.008809005
-0.12158483
0.056439187
0.09077552
-0.030526666
0.081127964
-0.12889253
-0.007963261
0.012644034
0.04971728
0.02257988
-0.089312665
0.07945598
0.032977305
-0.16454382
0.050257433
0.008408879
0.034831345
0.13843016
0.038466323
0.030403927
-0.10566521
0.05205575
0.06345836
-0.0023831038
0.060443208
0.01858484
-0.24135675
-0.032997023
0.09696875
0.09954784
-0.050117657
-0.05591195
0.1305309
-0.060032565
-0.08474981
-0.041881714
0.04510386
0.06499375
-0.0888876
-0.060793918
-0.116636515
-0.09623304
0.11857826
-0.010740201
0.08363009
0.10109691
0.04143428
0.021599706
-0.008384015
0.045828696
0.06642277
-0.032395873
0.001683853
-0.111818
-0.024152912
0.008319188
-0.12628935
-0.06454482
-0.08504777
-0.07933384
-0.008909654
-0.15982404
0.06374622
0.03887329
0.1109401
0.004452674
0.06756082
0.030594151
-0.13060747
-0.074991316
0.08652673
0.011538337
-0.08153719
-0.011203284
-0.1169353
-0.062139556
0.010922243
-0.03090801
-0.09420872
-0.032774072
0.06408089
-0.007428392
-0.046364564
-0.0044528637
0.07987707
-0.01932165
-0.09492529
0.10431087
-0.039490934
0.022857562
-0.006145991
0.014890127
0.16096814
-0.13970569
-0.07905175
0.116855845
0.034975164
-0.04276522
-0.025421623
0.08247636
0.010513192
0.07682277
-0.0006928364
0.038762588
0.14157654
0.082168125
0.02519003
0.100902855
0.06386663
0.06195257
-0.084239475
-0.003255139
-0.06616093
0.007754698
0.033826575
-0.025487252
0.11327251
0.092654
-0.06186312
0.01081603
0.010718765
0.08997942
0.006588941
0.04576195
0.0997877
0.07547341
0.07372404
0.048786703
0.084449396
-0.008927327
-0.079169355
-0.025242958
-0.07432544
-0.030526148
0.08870004
-0.087204754
0.05025742
-0.038776956
-0.0016747197
-0.07340092
-0.04414954
-0.06811832
-0.09174306
-0.021570513
0.031638354
0.08138525
0.06517124
0.08739271
-0.0031493425
-0.08964872
-0.011705321
0.045708034
0.066512614
0.020467294
0.035457198
-0.003706987
-0.03412537
0.027742894
-0.022215111
0.024053741
0.011312721
-0.008746261
0.047443334
0.0064789047
0.05070404
-0.058931645
-0.09923389
0.07896378
0.08765895
-0.038682558
-0.06492788
-0.02953949
-0.020202683
0.046864487
0.06061567
-0.08444761
0.1079175
-0.07795805
0.010824079
-0.061557587
0.004026505
0.011127745
-0.00032537148
-0.018415285
0.095379494
0.029137097
0.084412225
-0.042336877
-0.009322743
0.08296277
0.04738082
0.08292719
0.080202125
0.05279183
0.22004193
0.09919972
0.028360274
0.008726048
0.06222017
-0.04023898
-0.10225679
0.04152955
-0.03265891
-0.0056247795
0.0013191898
0.013573758
0.044285532
0.032952026
-0.0998953
0.012951645
0.014290933
0.12396972
0.09753352
0.03019916
-0.0013469051
0.009941649
-0.05684855
-0.058164064
0.01046287
0.07412836
0.06434607
0.10490324
-0.05522623
0.001605599
0.0011635744
0.0040547815
0.04061142
-0.05770104
0.051159862
0.041073952
0.04993037
-0.054767385
0.068684295
-0.08479422
0.006086141
-0.044957753
-0.012587521
-0.06063059
0.21466656
-0.028116921
-0.036465254
0.06837861
-0.0063730064
-0.024289329
-0.041330624
0.13504925
0.09706291
-0.013085728
-0.14483525
-0.06850807
-0.05127455
-0.07869375
-0.042278346
0.029964004
0.022766033
-0.009156656
-0.016749592
0.016465038
-0.0051377863
-0.0031396314
-0.045928307
0.09818383
0.06058599
0.019574728
-0.04474706
0.011229516
0.068836875
0.047354974
-0.0064908867
-0.040753715
-0.06772475
0.08652608
-0.0037032655
-0.04847998
0.06939503
-0.04196888
-0.0033527433
-0.04421908
-0.06270456
0.096378975
-0.0092903
-0.026300967
-0.12854578
0.037664548
-0.03465792
0.07675161
0.14876042
0.15696919
-0.11530524
0.042337086
-0.16609417
-0.007418555
0.048570134
0.12446158
-0.08440865
0.12981513
-0.003329015
0.07848756
-0.034864042
0.051100295
-0.10337729
0.022827936
-0.01007645
-0.10632523
0.03205063
0.04628174
0.054951686
-0.045469947
0.0138377035
0.0250229
0.09538855
0.09933541
0.060709607
0.004138634
-0.006799076
0.034339834
-0.02492655
0.07535447
0.08645978
0.062130626
0.04042844
-0.081071496
-0.055979773
0.008553169
-0.06290791
0.09134842
0.046318695
0.07852719
0.18303026
0.11881353
-0.15175034
-0.08486476
0.041053783
0.10023022
0.11396618
0.027657576
-0.043437883
-0.08602049
0.039868638
-0.07469559
-0.01864708
0.07158743
-0.029559145
-0.019771814
0.12970865
0.08326697
0.07827324
0.022601767
0.09978427
-0.045750007
-0.085537985
0.08661483
-0.01161725
0.044692818
0.02386843
0.12897985
-0.051281687
0.0047689457
0.09942751
0.061582144
0.023120409
-0.00085818156
0.12772243
-0.08224524
0.08630996
0.12036105
-0.0463723
0.1128933
-0.0038878727
0.07041182
-0.07062008
-0.12962084
0.045463037
0.007920603
0.07761932
0.045396186
0.06952876
0.03603533
0.098279186
0.015353085
0.08633332
0.037129108
-0.13985468
0.076833025
-0.058388494
0.040010255
0.07183794
0.012806172
-0.0852599
-0.0959637
-0.040115304
0.021417592
0.12642714
-0.0127777755
0.12221397
-0.045382302
0.12006161
0.15369023
0.047852043
-0.07438648
-0.03648109
-0.034504417
-0.03193456
-0.012621651
0.09078066
-0.026028112
0.09026296
0.0044183233
0.037735347
0.079880394
0.06992498
0.03707399
-0.05554171
-0.026088046
-0.066004954
-0.034245815
-0.027051052
0.042177178
0.05688086
0.09504304
-0.0045738798
0.06402774
0.09525279
0.07745934
0.13718379
-0.18495467
0.036077596
0.0065433704
0.017930685
-0.1497085
-0.06600397
0.1146678
0.033693302
-0.01423833
0.020350626
0.011223379
0.0736872
0.024264598
-0.03805955
0.017456902
-0.08789937
-0.016923167
0.11892218
-0.034311317
-0.037646968
0.038344916
-0.07866458
-0.0023324634
-0.057584018
-0.031857125
-0.027533276
0.016172329
0.04525973
-0.04134833
0.043150954
0.052675873
0.069510475
0.14178382
0.20963176
0.001953128
0.011906809
-0.020455854
-0.012364234
0.07446775
-0.05353268
-0.043623805
0.101357915
-0.012565218
0.08663996
0.06099398
0.056247387
-0.05478558
0.06362293
0.021229738
-0.1616391
0.11000772
-0.08812219
0.11617222
-0.011698594
0.073060244
0.0672091
0.041706827
0.09482016
-0.039317336
0.084401205
-0.06837658
-0.0738604
0.0008003589
-0.06258386
0.10765408
0.03075427
-0.012985071
0.08796857
0.037621684
0.0051586083
0.089088306
-0.0027364145
0.027568089
-0.04411951
0.012533411
0.124281414
0.046331313
0.14569092
0.10574922
0.058315028
0.090535864
0.2059031
-0.06712626
0.038882416
0.03949045
0.012088665
0.0978718
-0.048328675
-0.034131385
0.027536767
0.054043584
0.077173494
0.0807348
0.07506795
-0.050330035
0.18808956
0.101628676
0.15090235
-0.058086704
0.023802895
0.026898213
-0.0091875605
-0.09111576
-0.020819776
-0.062014792
0.14478391
0.10153696
0.008744414
-0.10952219
-0.079467855
0.02298986
0.1503281
0.050415717
-0.065466076
-0.033149935
-0.022298113
0.008184616
-0.015965922
-0.07304756
-0.018666156
-0.09907531
-0.045159407
0.0808531
0.023480559
-0.040695686
0.029260023
0.07936172
-0.07399007
0.052620806
0.1817812
0.003578183
-0.1107904
0.022145849
0.033858135
0.076254934
0.077949405
0.11735877
0.07902516
0.075696394
0.04252136
0.00041596126
0.106163174
0.060144
0.1277376
-0.12524603
0.03896266
0.052635886
-0.003620368
0.02736623
-0.02823555
0.027390735
-0.12021653
0.017769333
-0.221415
-0.028414816
-0.031710215
-0.15135653
-0.11447821
0.06401242
-0.046523914
0.08015343
0.086976305
0.00046955486
-0.0018769499
-0.0563047
-0.06604086
-0.07821643
0.09993364
0.040525425
0.039667208
0.05554606
0.05992133
-0.0407629
-0.12424536
0.047836486
0.05794653
-0.027779032
0.09351332
-0.027271476
0.022411352
-0.09827722
-0.043761205
0.06200566
0.1156817
-0.039641004
-0.015643599
0.10561238
-0.005078256
0.02608822
-0.06947816
-0.05525154
-0.106776424
-0.14231107
0.0763718
-0.09654693
-0.18350704
0.03442283
-0.10535631
0.003048755
0.002048543
0.029139541
0.015731588
0.07308682
-0.056600392
-0.13499993
0.021386089
0.049012892
0.008682965
0.021507965
0.050299626
-0.0795526
0.08933695
-0.09978842
0.019110762
-0.08056935
-0.04439216
0.069690354
-0.015252645
0.07342332
0.09218854
0.04142818
-0.19044518
0.033100862
-0.04397207
0.06786799
0.0638281
-0.101837054
0.032922335
-0.10125594
0.01346763
0.12836145
-0.11622649
0.057796814
0.056843664
0.16832839
-0.0735446
0.05699229
-0.037780512
0.0013771226
-0.0015323616
-0.0013548849
0.02271027
-0.063092075
-0.14485216
-0.031401455
-0.013653889
-0.088079005
0.0737889
0.030331567
-0.078418076
-0.008047965
-0.17940135
-0.066874765
-0.017731149
0.15241732
-0.077957295
0.0084026335
0.01487186
-0.03552915
0.10348554
-0.09349413
-0.023516193
0.045491092
0.025878767
0.039325986
0.031991776
0.09565382
-0.08198434
-0.06475533
-0.08819717
-0.10449458
0.03662649
0.05454771
0.12863547
0.042973913
0.0038126258
-0.037729267
-0.07252142
0.10420875
-0.17412551
-0.13230772
-0.11024957
-0.015986258
-0.051964454
-0.054240197
0.088834785
0.032307785
-0.03984631
0.0021941122
0.057328958
-0.041642554
-0.07712458
0.09737327
-0.030213801
-0.047101025
-0.11567755
-0.031863064
0.01662649
-0.14106056
0.02896403
0.030215213
0.09195082
-0.02337615
-0.0080882935
0.034026247
-0.021235356
-0.026386976
0.013429398
0.0024948625
0.032530487
0.08497486
0.038468983
0.101960965
-0.034944408
0.1041738
-0.025777658
-0.098795116
0.10193597
-0.040018745
0.0013885605
0.04702196
0.06975986
0.00156405
0.11783749
-0.043545052
0.06869126
0.072569355
0.0027340085
0.0881811
-0.010057316
0.043982
0.019921575
-0.0013288008
-0.07498678
0.09778957
-0.07209428
-0.23992777
0.08135249
0.01740541
0.07547356
-0.041176815
-0.00854831
0.20458922
0.07512967
-0.16329442
0.0678132
-0.078855865
0.02270816
0.07216734
-0.13870014
-0.008620656
0.10258423
0.09695068
0.16619705
0.024461566
0.092760436
-0.005139202
-0.017651038
0.01556695
0.018128293
0.034473896
-0.022249227
0.043204606
0.08734338
0.046931267
-0.08068874
-0.026095053
-0.031974427
0.017025914
0.08535019
0.056194518
0.08840349
0.058249585
-0.026649522
0.10936194
-0.05180948
-0.006188568
0.059773434
0.06473718
0.054806467
0.07676757
0.05850399
-0.022735149
0.05443644
-0.062840104
0.03193378
0.06498727
0.052271873
-0.18541932
-0.14169437
-0.029567996
0.11004135
0.033509172
0.14478704
-0.12734416
-0.110817045
-0.22517142
0.052319683
0.07764425
0.056957528
-0.03042947
-0.0070340596
0.0013156126
0.062097527
-0.039570715
-0.049640376
-0.06365173
-0.014341712
0.05454823
-0.0039250357
0.02916131
0.061836716
-0.040515184
-0.05663508
-0.017263979
0.054684322
0.047737457
0.02076219
-0.029904317
0.027130062
0.11181088
0.017766012
0.12255251
-0.0043612113
-0.04393558
0.01616931
-0.045903496
-0.044056676
-0.0492326
-0.026913282
-0.03924037
0.21370274
0.04465769
-0.09131465
0.040219706
-0.20825174
0.18029076
-0.025773566
0.046457555
0.0543409
-0.11434056
0.09395651
-0.11671732
-0.13680817
0.032606967
-0.0325175
0.05494351
-0.029452184
0.024108965
0.09116332
-0.016821036
-0.047216717
-0.085535586
-0.09539617
0.06672104
-0.048670173
0.13002777
0.0030129817
-0.008683264
-0.030128667
0.03764658
0.17515604
0.070065334
-0.016773187
0.05290844
0.07691572
-0.005099152
0.08993366
0.074735954
0.03609183
0.0019502429
0.051865716
0.055691075
0.064893685
-0.0037697596
0.052324064
-0.07768702
-0.00838228
-0.060042933
-0.1289727
0.058090966
0.0134037575
-0.03213787
-0.03800173
-0.10997238
-0.14856705
-0.09380793
-0.124079645
0.104588896
-0.025489237
0.088599734
-0.07219943
-0.027820379
0.01813513
-0.03927455
-0.10876977
0.01873065
-0.053187586
0.008831273
0.041553345
-0.09160166
0.015229906
0.049655937
-0.06866004
0.040611297
-0.0063251634
0.11033187
0.005040344
0.009572952
0.13997748
0.016918818
0.02576974
-0.004065552
0.017911473
0.041274406
0.08165396
-0.06042637
-0.025027223
0.057831157
-0.0069750096
0.0032335455
-0.03782619
0.060370527
-0.07471985
0.08136557
-0.02151429
-0.081947714
0.037119288
-0.028922388
0.021045335
-0.05271133
0.07003898
0.114163965
0.024953023
0.04148866
-0.12662119
0.0862433
0.07337781
-0.01802605
-0.11938924
-0.07788347
-0.089985706
-0.11597747
-0.014740836
-0.013560654
0.0022758122
0.007718675
-0.048833303
-0.13447253
0.029914068
-0.054402776
0.0009952809
0.014678458
-0.037115443
0.10899498
-0.055920985
-0.036067367
0.1701807
-0.032099735
-0.019374091
0.025836254
0.02195404
-0.007881227
0.113971725
-0.00946109
0.0014492534
-0.020932233
0.05638839
-0.05541498
-0.07848305
-0.06889915
-0.039946184
0.013683809
0.060936693
-0.0660353
0.13629948
-0.12687796
-0.0678617
-0.020208625
-0.09667596
0.078704216
-0.11476639
0.050336868
-0.14011738
0.030571902
0.15535861
-0.11595077
0.06810309
0.082383886
0.0073741334
0.026631504
-0.15383013
0.0042493367
0.065137856
0.07641224
-0.035786606
-0.035007425
-0.003980691
0.056909513
-0.005748051
0.17806453
-0.062340513
0.010249818
-0.051906385
-0.07620256
-0.014188081
0.00067208154
-0.09044228
0.0298798
0.087953575
0.0343668
0.08352418
0.061941233
0.0016055206
0.076711185
0.02554975
-0.026981657
0.07008077
-0.028359989
-0.025822781
0.100298025
-0.00047955028
-0.047618814
0.06807476
0.045455903
-0.13070661
-0.06744568
0.14301072
0.14346237
-0.011835488
0.10231003
0.0019656178
0.0019746756
-0.0186266
-0.038243406
-0.09137654
-0.039407644
-0.1470348
0.04520033
0.1834856
-0.05351054
-0.007879655
0.010918222
0.0735927
0.07796117
0.050035108
0.08924518
-0.07512666
-0.041679572
-0.036252335
0.047116157
-0.042062555
-0.024287252
0.03883247
0.09602251
-0.009471286
0.15505639
0.038321514
0.04854886
-0.013785442
0.02558474
-0.14674674
-0.070187464
-0.0034754362
0.010976729
-0.0076065394
-0.00057860377
-0.04613893
0.043159872
0.06455864
0.0790796
0.06998078
0.19587445
0.051018283
-0.035342705
-0.14496452
-0.059566908
-0.10675569
-0.08884914
-0.10431246
-0.13906044
-0.029665519
-0.024305323
0.13903295
-0.0029457891
0.0033252982
-0.075748615
0.01462688
0.060927596
0.062534325
0.040680286
0.026505131
0.05625653
-0.03413031
-0.10998274
0.001459454
-0.07891137
0.076091714
-0.17388205
-0.024528597
-0.055145476
0.09289996
0.0010726929
-0.074257635
0.057628226
-0.05881021
0.034172066
-0.018472388
-0.066501394
0.06402566
-0.10292253
0.06207474
-0.018559288
-0.011390578
-0.09056528
0.02605934
-0.0049175997
-0.0154310195
0.036269832
-0.14626303
0.030653417
0.09367353
0.019044865
0.20808755
0.07622203
-0.044236682
-0.065343715
0.027891783
-0.089628294
0.12460456
-0.09081786
-0.07399656
0.075545035
-0.034194957
-0.044090927
0.026321283
0.045862783
0.13543835
-0.013770558
0.12379258
0.092081934
0.0878308
0.05000686
0.06441935
0.0072236503
0.045301277
0.051961657
0.028582796
0.07438427
0.20518911
0.1071994
0.020524798
0.10653726
0.16897346
0.022659868
0.027499992
0.042341754
0.019496866
0.006275574
0.07933208
-0.043153692
0.0035553398
0.14232004
0.0028366263
-0.038581133
0.045449454
-0.05132995
0.020092398
-0.010228343
0.04463041
0.04238106
0.061159406
-0.15823025
0.094166316
-0.0042592003
-0.03921367
-0.055416103
0.06999892
-0.034828797
0.011034395
-0.042331018
0.09677833
0.006651045
-0.0026448742
0.02926165
0.18566145
0.020520778
0.10940475
0.0054803193
-0.09721037
0.024310123
-0.10908354
-0.04324925
-0.048339404
0.066943556
-0.04378076
0.039051767
0.06666413
0.13656984
-0.037852056
0.1945418
0.14928949
-0.010378842
0.0004480605
0.07821413
-0.005553562
0.0347058
0.07984422
0.109941855
0.022965278
-0.03293788
-0.02975712
0.0084907785
0.088347934
-0.033481304
0.2838056
-0.060501266
-0.13520092
-0.18950222
0.15874787
0.07884478
-0.046810906
0.13792299
0.06508205
-0.07151345
0.096175596
0.15512456
-0.0050900676
-0.0077274647
0.08351904
0.038019545
-0.0049574627
-0.05999991
0.11303382
-0.017729009
-0.111527
0.12614277
0.02923868
-0.0063794646
0.015923986
0.07235446
-0.06635606
-0.09223023
0.1030152
-0.055837087
-0.009496839
-0.00992933
-0.0746437
0.094527066
0.08318379
-0.0024902858
-0.07141968
-0.10189784
-0.068150945
-0.09352815
0.14200191
0.053448852
0.1352423
0.1134656
-0.087351754
0.089016795
-0.01573616
0.03539065
-0.05218424
-0.22107539
-0.042809524
0.082909934
0.15780038
-0.12906949
-0.24661763
0.040095095
-0.11061358
-0.027477294
0.01770936
0.044534024
-0.07618587
-0.010752297
-0.012499993
0.018169988
-0.2396564
-0.07004031
-0.0012309343
0.07147736
-0.023604568
0.02069721
-0.055242952
-0.00017639986
0.008409719
-0.043502774
0.05787917
0.12522857
-0.12300586
0.01872505
0.003109482
-0.03320494
-0.072486155
-0.054563414
0.060887452
0.117566854
-0.05317144
-0.041919764
0.006459435
0.008775729
0.052568924
0.08710259
0.018010046
0.029856877
0.026160635
0.06598021
0.04555034
-0.0070998296
-0.011903384
-0.03843236
0.07102066
-0.020754328
0.10538127
0.068069994
-0.05870612
-0.055627648
-0.10918303
0.15018702
-0.122879565
0.05369436
0.00026533238
0.04215572
-0.24257453
-0.117184386
-0.07582233
0.029001307
-0.007479753
-0.07989027
-0.007971093
0.040026184
0.007696378
-0.088159
0.007501532
0.009302483
0.005124989
0.027875004
-0.121017866
0.019007036
-0.0013413439
-0.0057236915
-0.040989712
0.09345258
0.009895633
0.0590169
-0.049293544
0.0006733749
-0.077838935
-0.0862603
0.026039468
0.05442415
0.027484499
-0.09840506
0.03326233
0.011863846
-0.07532593
-0.10623108
0.064930074
-0.020686606
0.015525709
-0.052952543
0.10470315
-0.002904106
0.038143154
-0.17171477
-0.14117248
-0.0641129
-0.059985463
0.027084231
0.11709693
0.05066837
0.0708929
-9.266781e-05
0.05175238
-0.029826786
0.09602434
0.033942565
-0.01740542
0.043363556
-0.006920185
0.060645074
0.034038894
-0.06778644
0.077390395
-0.0934445
-0.07910185
0.068345785
-0.06274841
-0.03985639
0.042483307
-0.14122148
0.064542696
-0.0026258277
-0.08217224
-0.065629266
-0.02744906
0.037036147
0.08045398
-0.005314672
-0.037583105
-0.07219909
-0.0416986
-0.021131605
-0.079728216
0.014565934
-0.005659804
-0.0100005735
-0.08904393
0.25060993
0.12704039
-0.031038918
-0.102687925
-0.1387414
0.047463167
0.029328346
-0.008680631
-0.0017868042
0.05244638
0.13379906
-0.04505778
0.081497304
-0.00044109125
0.082540005
0.008233347
-0.07360276
-0.023332123
0.06006994
0.04070237
0.053946268
-0.008191264
-0.10728181
-0.024181154
0.016697668
0.069622815
-0.009866235
0.23670848
-0.0729866
-0.075794995
0.06298769
0.06029895
0.041156553
-0.001997705
0.07345076
0.009655448
0.15682714
0.06961924
-0.015645174
-0.03739419
0.102426305
-0.059902243
0.023940468
0.0055033457
0.047762074
0.09764454
0.06539446
0.064232536
-0.0038440898
-0.047931805
0.0020111946
-0.01632316
-0.011228557
0.046901785
0.04956054
0.025540099
-0.17198552
-0.07603476
0.040266056
0.12145404
-0.09089946
0.09633053
-0.030799566
0.120181724
0.014322055
0.036128223
-0.014090585
-0.007958259
-0.050749596
-0.047192246
-0.05756786
0.083651945
-0.106977664
0.00091729034
0.01585027
0.25510356
0.046876054
-0.064588346
0.07973329
-0.049542177
-0.04132288
-0.06243279
-0.05808849
-0.070778295
-0.053744856
-0.0034240237
-0.0046699084
0.010217675
0.07235366
0.0010179618
0.08391561
-0.06253182
0.020072965
-0.052400198
-0.08265472
-0.14229238
0.03100541
0.13069837
-0.1391266
-0.05989146
-0.012785135
-0.016156787
-0.08399851
0.18727161
-0.086491495
0.043818448
0.09739514
0.2769966
0.045527484
-0.065921254
-0.006066859
0.111197785
-0.021674827
0.019074483
0.09733671
0.010821836
0.06588167
0.0031836466
-0.088858604
0.09546963
-0.009537294
-0.037856884
-0.015783122
0.20810112
-0.018520853
-0.035612848
-0.083207294
-0.06687411
0.0044548577
-0.081017494
-0.07139148
-0.059533283
-0.07767517
0.11879846
0.018737918
0.04980743
0.036731463
-0.03565991
0.046467993
-0.07333193
0.05727304
0.0013820155
-0.0423248
-0.07472768
0.008704716
0.14657277
-0.14942683
-0.014161381
-0.010533262
0.09213279
-0.08899075
0.043207806
-0.0042465203
0.0722537
0.15435901
-0.13253267
-0.15070413
0.029121147
-0.07700257
0.15237504
0.06235828
0.11370817
0.084106445
-0.033747643
-0.06670736
-0.030397912
-0.11058815
-0.08952796
-0.016124241
0.07969366
-0.00073228293
0.11588642
0.033648673
-0.084274806
-0.02908012
0.09011855
-0.036342517
-0.018502956
-0.08005872
0.017675167
0.06487863
-0.0298547
0.039495092
-0.029154679
0.05957147
0.058101546
0.05600581
-0.004696693
0.040381543
0.049521424
-0.1259766
-0.026141897
-0.0077213263
0.07432158
-0.107079856
-0.0319587
-0.12538117
-0.03670552
-0.056953598
-0.027449474
-0.12228191
0.055912297
-0.06279329
0.043520574
0.027930688
0.12060426
0.06288831
0.1299365
-0.039179247
-0.031138018
0.09694441
0.08860535
-0.053194083
0.08567365
0.019447839
0.042105187
0.08053424
-0.027228009
-0.03218913
0.029701915
0.03024723
0.06360364
0.01772481
-0.06359463
-0.01378792
-0.049365412
0.0347967
0.0841282
-0.0052077407
0.12402616
-0.050547294
-0.077925995
0.0873875
-0.030658651
0.028509846
0.04006164
-0.07187114
0.07221932
-0.11687958
0.01854342
-0.082281694
0.07149289
0.19834681
0.056720182
0.10074386
0.053971693
0.17077905
-0.20699207
-0.07227656
0.0713103
-0.065974586
0.06930055
-0.09631029
-0.09011074
-0.00010006388
0.0948184
-0.100277655
-0.060057484
0.036613606
0.005998702
0.049403723
-0.05400205
-0.017727403
-0.04539271
-0.07067354
0.04294209
0.080889545
-0.018866573
9.540918e-05
0.05107559
0.07967938
-0.0849612
0.09305418
0.018549087
0.011029697
-0.07808074
-0.008610126
0.07572264
-0.016783178
0.085579276
0.022988886
0.05145573
-0.02353369
0.08478642
0.053108826
-0.10320108
0.16082473
-0.03238066
0.11192938
0.0735071
0.042106893
0.036999088
0.018661257
0.0795105
-0.010237306
0.13653459
0.09188469
0.07784791
0.13464594
-0.011214585
0.0015093982
0.017126769
-0.022347096
0.06213403
-0.018431779
0.0027324816
0.10726833
0.056289017
0.0032721667
-0.070043445
-0.051471367
-0.06454372
0.009108633
-0.040010888
0.046717204
0.02718611
-0.046451602
-0.0142708765
-0.099174544
0.036254972
0.11658761
-0.09788694
-0.04463462
0.054236088
0.011445776
-0.030100701
-0.036132257
-0.0046340926
-0.05543242
-0.0019855981
-0.008777188
0.11367783
-0.09783826
0.06584801
-0.06698121
0.056912567
-0.01131564
0.0138271935
-0.09881168
0.018557915
-0.13890497
-0.1185664
7.439031e-05
-0.08062541
0.05062504
-0.021703042
-0.20461665
-0.031668626
0.027094066
0.0707956
0.041877214
0.067096226
0.061146192
0.056696106
-0.1162288
-0.065048814
-0.022973683
-0.06169674
-0.019927332
0.014245814
0.030666413
0.027689008
0.071569204
0.045047883
0.008968662
-0.022107359
-0.05315147
-0.08176185
0.07968432
-0.09406756
0.014207872
0.018075038
0.0047091893
-0.017107986
-0.0067831487
-0.0026776548
-0.06376714
0.030272651
0.015081919
-0.007279795
0.07614365
0.041030627
0.0020558932
-0.08960259
-0.06529403
0.01792307
0.047456875
-0.07610828
-0.073540054
0.0726276
-0.11521672
0.014030539
0.09776248
-0.020402392
-0.030951886
0.052904036
0.030160047
0.037637707
0.018630326
0.10949566
-0.09216626
0.07038733
0.07101708
-0.06258245
0.028192902
-0.054718435
0.035773903
0.008704407
0.0063966606
-0.0032719995
-0.024643837
0.083948605
-0.002859272
0.05674539
0.09014459
-0.033687934
0.030109612
-0.12323851
-0.07628269
0.041529037
-0.10991283
0.00715103
0.00038375633
0.1300031
-0.01055578
0.05657806
0.05401638
0.0691329
0.057662852
-0.101841375
0.025708543
0.03607744
-0.02043088
0.09929152
0.015710954
0.0853774
-0.20390235
-0.04265648
-0.09746122
0.03198165
0.15749083
-0.0026780034
0.07407779
0.03376382
0.058301594
-0.14287896
0.05351178
-0.0047391113
-0.08084676
0.08186091
-0.07531939
-0.08180002
-0.049427886
-0.0044889296
-0.07458511
0.08119479
-0.08597287
0.01523045
0.071987346
0.2000339
-0.035914388
-0.030147152
0.06502167
0.048569124
0.036780003
0.025997309
0.028282396
0.027730329
0.02949473
-0.022229407
-0.042144764
0.09783304
-0.04321774
-0.010126367
0.07183809
-0.0021405749
0.03154974
0.09202264
0.06323421
0.07639372
0.110493876
0.08567146
-0.054560542
-0.12737702
-0.038901582
-0.015439513
0.079435356
0.12680915
-0.045277085
-0.10526805
-0.008321441
-0.025613625
0.08117878
-0.027532736
0.064963154
0.07234876
0.08329799
0.062479187
0.0052939723
-0.041916084
0.042281352
-0.008455923
-0.039282206
0.014497051
-0.017400673
0.12598082
0.07071415
0.05294298
-0.020180492
0.032421272
0.08435418
0.008420726
0.00048161688
0.051568564
-0.078762285
0.0025222576
-0.00045020657
-0.024919478
0.015711041
-0.028707929
0.016026646
-0.062055096
-0.078830674
-0.05413543
0.009125721
0.021450674
-0.07622009
-0.16557874
-0.0024205244
-0.013691062
0.009648701
-0.08546014
-0.094831064
0.18616478
-0.009850654
-0.017561913
-0.04466858
0.26399615
0.21069068
0.043819964
0.039281446
-0.03908381
0.06051794
0.07142666
-0.024206247
0.10749396
-0.09332413
0.054476537
-0.046479326
-0.03340412
-0.09724589
0.053154033
-0.0010680154
-0.010266919
-0.01928408
0.07758091
0.047846805
-0.022516368
0.02434522
-0.11714636
0.064360864
-0.14307289
-0.054214537
0.076674856
-0.047316417
0.13755026
0.033090793
-0.055630904
0.109381594
-0.0601083
0.06133546
0.042389262
0.0058556665
0.036703352
0.05213243
-0.06911869
-0.0456019
0.10061271
0.0038559716
-0.09377198
-0.0202955
0.03788159
0.14544122
0.093248375
0.11386539
-0.040367294
-0.00711122
-0.008336645
-0.14012596
-0.12863734
0.003870379
-0.0076253903
-0.014878126
0.07779914
-0.1416801
0.015907038
0.09622774
-0.051288042
-0.050035782
0.052449867
0.051499255
-0.051861607
0.09273216
0.04962965
-0.086306825
-0.04676362
-0.071961075
0.09211079
0.10562999
-0.04488493
0.019893467
0.07906206
0.10528099
0.023164336
-0.0549068
0.035019454
-0.023552407
-0.0791404
-0.055234145
0.0033005811
-0.011288149
0.010929601
0.08554195
0.06994638
-0.07900764
0.103297465
-0.07382325
0.027022868
-0.17660177
0.02490759
-0.15711738
-0.0135737695
0.04293896
-0.06254199
0.14678054
0.059658784
-0.18962136
-0.06325479
-0.06135669
-0.004410935
0.024703195
0.00025009993
-0.062410843
0.055076953
-0.06777975
-0.032021835
0.023542136
0.07284528
-0.067147315
0.16138753
-0.004034651
0.086189225
0.0721298
0.01091897
-0.053061295
-0.08871202
-0.07399806
0.07420725
-0.039766163
-0.026848273
0.06780251
0.047946144
-0.008233629
0.018322188
-0.020434098
0.038228594
0.0485353
-0.05092061
0.030502126
-0.0006450176
-0.09486177
-0.07892464
0.03794095
0.07741557
0.050709687
0.018244201
-0.114392005
-0.022272438
-0.32066658
0.22423509
0.14776665
0.06858726
0.16765152
0.014693428
0.08112597
-0.13719887
0.05055548
0.0578559
-0.022835372
-0.029449994
0.061590437
-0.014440067
-0.057650402
0.0052504847
0.075707644
-0.02800488
0.13798785
0.052364454
0.0693057
-0.024029678
0.011463531
-0.0057844995
-0.12075291
-0.005678713
0.08726974
-0.05329577
0.017191615
0.038111206
0.043937344
0.035799585
0.12210821
0.059173826
-0.0052457512
-0.025999587
0.076067016
-0.066635355
0.027857883
0.03658111
-0.07247143
0.15093128
0.21052969
0.05157038
-0.04596514
0.056817863
0.0003069547
0.00611103
0.06515164
0.07899499
0.09745486
0.0998663
0.0045623817
0.009327468
-0.045382854
-0.05468298
-0.04539694
0.061111093
-0.06060323
-0.041409213
-0.036704324
-0.06231748
-0.080345884
0.09004957
-0.071068175
-0.038979422
-0.011719127
-0.10821944
-0.025247436
-0.079704896
0.024097394
0.07335373
-0.09774628
0.11355028
0.10198396
-0.051145475
-0.09839344
-0.00402802
0.033424873
0.004956483
0.006345957
-0.078716554
0.0749914
0.003111763
0.06571228
0.060740072
0.020948054
-0.05821827
-0.070988074
-0.1427985
0.026211532
0.011839629
-0.040952116
-0.053815737
-0.14021872
-0.077984594
0.043951694
-0.02325128
0.22659507
0.030469993
-0.09144233
0.15019852
0.14374602
0.0292748
0.044852257
0.07042224
-0.07152187
0.0861654
0.09569352
-0.06912641
-0.062486164
-0.053542808
0.027119888
-0.06826687
-0.10904854
0.03374832
-0.028024783
0.08347391
0.0571044
-0.016697882
-0.049422417
-0.008328655
0.037011474
0.07680997
0.006758811
0.033334654
0.0027048148
0.052632224
0.021430723
0.018152412
-0.12391854
0.0661145
0.041373882
-0.04035092
0.04574295
-0.06755806
0.04354335
-0.12885857
-0.049446974
0.044170722
0.115340866
0.0026517264
-0.18067199
0.029349191
-0.25176242
0.09453223
0.09602441
0.10573282
0.0004280809
0.025650164
0.07470046
-0.08927345
-0.04063621
0.016894164
-0.09488151
-0.07807121
-0.101202175
-0.03247786
-0.106980965
0.035212997
0.044930086
0.036451206
0.1011165
0.054738253
-0.043728303
-0.054479852
0.11815564
-0.062229298
0.07891436
-0.041355465
0.03727154
-0.13424516
0.008601937
0.025715638
-0.033418257
0.032376893
0.092939526
0.020574499
0.11876548
0.06175006
-0.03476336
-0.022032946
0.10268418
0.042304832
0.19957472
0.073462024
-0.05800482
-0.11169208
-0.0036453835
0.039825745
-0.013853534
-0.058622442
0.15744023
-0.027615022
0.17115235
-0.058580212
0.039209146
0.001700706
-0.04243617
0.05523628
-0.04277164
0.109602995
-0.09125044
0.074810915
-0.03661799
-0.031862356
-0.021317126
0.08067681
-0.023671381
-0.038337402
0.017334647
0.07194197
-0.043904748
0.26254445
0.019369131
-0.032444935
-0.11771109
0.15584761
-0.027370831
0.027967561
0.0100581795
0.09115235
0.06085448
0.06500409
-0.012358099
0.10047885
0.0048261005
-0.08205679
-0.09698451
0.09836235
-0.05755185
0.1285215
0.08013595
-0.09140348
0.00015266842
0.037892796
-0.049558382
-0.06877081
-0.1159941
0.053829804
0.07904386
0.11114564
0.03398799
-0.017316679
-0.17528997
-0.083740346
-0.021837097
-0.028658805
-0.0074857427
0.061833132
-0.0011562326
0.11240037
-0.019391462
-0.034965403
-0.031483866
0.084934324
-0.03329364
0.071830034
0.06271313
-0.008784294
-0.037849538
-0.104966834
-0.0024958272
-0.0041106204
0.014897174
0.013783697
-0.02660082
-0.059001498
-0.05473018
-0.042104032
0.023402743
0.0127652325
-0.058903407
0.038183454
0.14073066
-0.015394393
-0.071815975
-0.028331418
0.019048765
0.07881985
-0.0672785
-0.033278905
-0.06771435
0.05291065
0.094231956
0.028681848
-0.08038682
-0.108441316
-0.06693093
0.15478013
0.0985565
0.34742755
0.031689655
0.20738134
0.12440059
0.010180085
-0.08052221
0.074757956
0.059799958
0.047482822
0.046735015
-0.036397677
0.05436535
0.011619897
-0.01123897
-0.044719823
0.004775637
-0.09104125
-0.035516355
-0.11280799
-0.09991116
0.055652097
-0.01510583
-0.021109583
0.051340282
0.02173966
0.022818737
-0.013195379
0.058177456
0.02599269
0.00817077
0.006729462
0.036109403
0.07707091
0.044546664
-0.020730508
0.09251384
0.06650668
0.1073268
-0.204693
-0.06230058
0.09848607
-0.16575271
-0.06281813
0.045019653
0.011124701
0.039170783
0.18714115
0.04778402
0.0501694
-0.14338396
0.057869993
0.09799571
0.035546366
0.025870785
0.11755989
-0.06950139
0.025880972
0.103433944
-0.08473716
0.050671387
-0.09603346
0.03851928
-0.038456723
-0.14072026
-0.039785903
0.060549047
-0.059577495
-0.046169896
0.0151370345
-0.09734676
0.11016897
-0.0015591518
-0.008745574
-0.029278839
0.11833587
0.1401344
0.028207658
-0.03585076
-0.02813118
0.10285585
-0.0072794887
0.046470568
-0.012503735
-0.10780232
0.054521017
0.103892416
0.022180632
-0.06429826
-0.07044095
-0.021807997
-0.077733964
0.040214255
0.08101101
0.07763819
-6.703692e-05
0.10549309
0.037193794
-0.024081303
-0.0028220105
-0.054071732
0.20056652
0.030524638
-0.033007983
-0.06143828
0.07789427
-0.13005587
0.047138624
-0.041727103
0.010581904
0.058349553
-0.06405215
-0.0058982903
-0.06336376
-0.006950057
-0.05487417
-0.13100965
0.07518345
-0.113735884
-0.08740597
0.042512313
-0.03354825
-0.02773193
-0.059982907
0.03998745
0.034422062
-0.061937645
-0.03809122
0.068223804
-0.016604876
0.011800097
0.07931142
0.07315086
0.008733541
0.04542134
-0.061552465
-0.103314854
0.097727604
0.0939425
0.015022516
0.0975606
-0.075276695
0.0067962664
0.0018096953
-0.09317714
0.06638984
0.12439147
0.02586004
-0.007269738
0.07324224
0.06133052
0.005045765
0.0761336
0.0032415236
-0.012012805
0.06080291
-0.033698775
0.007872429
0.036879446
0.0065229787
-0.012580469
-0.12044179
0.0831906
-0.048831865
0.019485267
0.08980946
-0.018305043
-0.079506144
-0.037209384
-0.10357169
-0.011900131
-0.06714121
-0.025040513
0.048176862
0.035240393
0.0022775077
-0.0279042
-0.06801677
0.034818027
0.042336773
0.07226426
0.007618475
-0.012488427
0.002536514
0.023293056
-0.060757603
-0.033929866
-0.06829419
-0.005089362
0.022365185
-0.09575621
-0.10094701
0.1427185
0.08634174
0.045322474
0.023136588
0.08903537
-0.20551696
-0.09630097
0.03425672
-0.013759386
-0.015831595
-0.10056821
-0.01630959
0.011361888
0.013141895
0.043652
-0.037212618
0.008396639
0.0008496934
-0.038554527
0.033855975
-0.026096383
0.061590422
-0.14213793
0.0076377997
0.07435128
-0.09393471
-0.023186175
0.06604928
0.026888778
-0.034907553
-0.052103303
-0.038506534
-0.050210606
0.017751278
0.053272884
0.11627409
-0.002963617
0.01900689
0.06533632
-0.008650876
-0.0132311415
0.030404542
-0.18063302
-0.10754025
-0.08720536
-0.008639372
0.12617648
-0.100850396
0.048099976
0.029111724
0.08218021
0.04706438
-0.05990754
-0.0897376
0.005158174
-0.17708762
0.012362098
-0.07472318
-0.17158067
0.019969042
-0.063522525
0.028253114
0.029580895
-0.054915704
-0.10102197
0.05913786
-0.004667547
-0.1582141
-0.019677771
0.03609898
-0.062797904
-0.051766112
-0.042720303
-0.07938215
0.043729365
0.11067413
0.07227471
0.04315294
-0.043336492
-0.09953884
0.07710845
-0.01523279
0.09379579
0.09054164
0.10888167
-0.123560615
0.11101555
-0.13258521
0.028586512
0.07300699
-0.027787033
-0.19271852
-0.034754716
0.12767129
0.08761066
0.124069594
0.061917506
-0.037077267
0.118738174
0.004242685
-0.061018985
0.060618367
0.030057877
0.011149967
0.026327653
-0.021908198
-0.112077266
-0.011008682
-0.016996708
0.07151227
0.04733714
0.09275355
-0.089840986
-0.12607697
-0.0028435367
-0.02756223
0.0072020236
0.08836022
0.023729084
0.061213635
0.060864158
-0.079514176
0.13125251
-0.1314926
0.032415587
0.0010306292
-0.025458321
0.12919903
0.07355218
0.040937632
0.018521797
-0.02223479
-0.045721475
-0.1459773
0.04259971
0.02463837
-0.027797317
0.13247949
-0.044459876
-0.05326313
0.054917153
-0.065530516
-0.06323966
0.085132815
0.11109087
0.034730453
-0.02963099
-0.011283803
0.061255414
-0.1199811
-0.051045477
0.008709413
-0.008785296
0.03471554
0.07854453
0.08317137
0.048942667
0.076450326
-0.057250388
-0.02001102
0.084945865
0.00909153
-0.012642656
-0.052654933
0.013381857
0.01970337
-0.030422948
-0.14849065
0.022645462
-0.12734087
0.0070501124
-0.06632531
-0.03456257
-0.010592254
-0.05948027
0.00649832
0.05096339
0.020489156
-0.0825823
-0.060923837
0.055967435
-0.1168678
-0.11961214
0.0041994997
0.007237518
-0.056743305
0.03343223
-0.099481404
-0.04104317
0.047947753
-0.014286876
-0.15400794
0.024246167
-0.14156942
-0.022669278
-0.14308694
0.030114692
-0.020448618
0.06409489
0.016134102
0.07038381
-0.086052425
-0.073955
0.077852786
-0.06669487
0.010136637
-0.0054638637
-0.0844858
0.09980212
-0.1395716
-0.0416304
0.033649214
-0.012943317
0.027748141
0.024033923
0.020695655
0.036326125
0.07422846
-0.05808612
-0.055399146
0.09234314
0.023880316
-0.016998267
0.14223874
-0.13443936
0.06941347
0.060699377
-0.0008625239
-0.0724103
-0.3004873
-0.10257735
0.031421956
0.027462265
-0.024390744
0.12549366
-0.05229242
-0.014935716
0.0030481904
-0.022020925
0.21347286
0.191414
0.1927456
0.004675489
-0.03004605
-0.12654588
-0.09643414
0.05544944
0.1961756
-0.0687346
0.010129363
0.070766225
0.061602764
-0.05185444
0.014031623
-0.03463483
0.06389859
0.113927454
-0.03331109
-0.037842784
0.19728328
0.0947208
-0.05024416
0.09064275
0.041648865
-0.033378813
-0.019132547
-0.06430038
0.025261343
-0.11808236
0.030179754
0.0053860047
0.15233164
-0.049735766
0.047754582
0.0111758
0.073087305
0.0524162
-0.26299664
0.15130457
-0.1316733
0.07454619
0.11470667
2.988569e-05
0.07676421
0.06461141
-0.017344067
0.004742628
0.26094073
-0.013037078
0.09465517
-0.034738973
0.033749808
0.02441237
-0.03003582
0.054683097
-0.02940204
-0.06059018
0.0014140022
-0.0063180695
-0.048631504
-0.009956204
-0.016308554
-0.034798853
0.07533697
0.07678697
0.021346845
0.07058698
0.04380998
-0.020715056
0.0014103907
0.03586653
0.08023201
0.090243004
0.07929872
-0.047968376
-0.028310208
0.007653001
-0.033641256
-0.040230677
0.017227896
0.005669901
-0.105939984
-0.08103337
0.0056971856
-0.073209554
-0.076333575
-0.11981651
-0.061586663
0.08056584
0.08657784
-0.037781212
-0.06564016
-0.06709359
-0.17486498
-0.078290924
0.056576937
-0.03627942
-0.046824984
-0.19643731
0.114876285
0.13070063
0.011937821
-0.04487106
0.06707195
-0.06133261
0.104317926
-0.07910323
-0.007456269
0.04113004
-0.057977762
-0.00078170316
-0.096131645
0.12275201
-0.1524769
-0.032904837
-0.057294752
-0.054385733
0.030612243
-0.07292424
0.10785853
0.11771449
-0.046618104
0.0250653
-0.0011508636
0.044157058
-0.003035786
-0.038139366
0.12638125
0.0027839618
-0.06315158
-0.038327023
-0.0326608
-0.030670382
-0.12075662
-0.016813518
-0.108282916
0.059879795
0.12578991
0.00772768
-0.20394239
0.028888617
0.0037875741
-0.048585106
-0.017145824
-0.09125111
0.09502903
0.059355967
0.027003188
0.1805221
-0.044044252
0.03530531
0.066831805
-0.087394215
0.062834136
0.08730919
0.03632886
0.10522426
0.05466521
-0.04047087
0.03989036
-0.056188364
0.0033493885
0.0400347
-0.015450196
-0.025457714
-0.043450005
-0.00694704
0.06660772
0.09849178
0.025819814
-0.00381463
0.063195005
-0.08004281
0.070035376
0.029517142
0.11381362
0.13637252
-0.04970144
-0.0145764975
0.042293195
-0.078954324
-0.15985392
-0.010899047
-0.19416134
-0.047079593
0.06947397
0.0062550865
0.05900005
-0.05812227
0.010791494
0.005516075
-0.08819776
0.0061936444
0.18398951
-0.017800687
-0.11234971
0.098156676
0.13728382
-0.09723164
-0.0770056
-0.031602543
0.061386473
-0.014181686
0.0045074928
0.0020977817
0.020372856
0.007810294
-0.00451746
0.024586814
-0.028966567
-0.09129248
-0.05420833
-0.065145366
-0.0076126386
-0.1125923
-0.19023012
0.11349885
-0.020902483
-0.08039276
0.062851354
0.11593705
0.103147894
0.04975631
-0.13596834
-0.008560127
0.057463028
0.041358683
0.039007016
-0.025935061
0.0363471
-0.021287505
0.09908993
0.08333054
0.14380082
0.025947398
0.051439326
-0.022830639
0.08669007
0.015577764
-0.08130917
0.14917758
0.034342945
-0.12517716
-0.06919416
0.025005775
0.20087805
0.0934355
0.0019620978
0.08279953
0.030688968
0.004825845
0.057182774
-0.06242032
0.03796971
-0.019708287
0.03268031
0.022090534
-0.044488896
-0.024597256
0.0004762229
0.035977077
-0.002834932
-0.0715055
-0.12586777
0.03838027
-0.00020040188
-0.041743442
0.06052457
-0.01809315
-0.010017292
0.0027571456
-0.03301006
-0.120204106
0.010039923
-0.079718575
-0.0068977284
-0.10689677
-0.12967709
-0.022527805
0.07385022
-0.073476374
0.069607496
0.015731083
-0.0004961004
-0.04676335
0.08880085
-0.016581073
-0.18024464
0.07247555
0.17618786
-0.04111161
0.07338649
-0.011029962
-0.08004543
0.024452122
0.119178586
0.046984818
-0.017901173
0.034861185
0.020983843
-0.027783351
0.04885423
0.06972564
0.07376016
-0.082837835
-0.026195142
-0.05397463
0.08187918
0.11743315
-0.035453998
-0.02726522
-0.14832464
0.0003478652
-0.103911646
-0.13882254
0.13762029
-0.092366956
0.002600382
0.014104953
-0.04189758
-0.044264216
0.028422715
-0.07613689
-0.03196238
0.04504759
-0.16467172
0.07150043
-0.10786999
-0.012675661
-0.17760114
-0.042108145
-0.00024551502
0.12944852
0.023066336
0.036029782
0.10395764
-0.16252993
-0.07521782
0.013152152
0.05500625
-0.12092113
-0.011302411
-0.0028996458
0.1672014
-0.008830347
0.034845695
0.027652582
0.016926482
-0.06978365
-0.090170145
-0.010293435
-0.10316741
-0.043457348
-0.08515985
0.075727046
-0.051486634
0.12915121
0.01603018
-0.06354025
0.11723761
0.05846723
-0.06364837
0.05974338
-0.09166371
-0.017811723
-0.05241607
-0.05937083
0.034538932
-0.026638411
-0.06917098
0.054383095
-0.019737234
0.018978596
0.037665885
0.077709004
0.067381404
0.05757865
-0.15859926
-0.003973831
-0.123228595
0.085863546
-0.17489138
0.002889581
0.055182047
0.048363585
-0.13266952
0.12602873
0.12333211
0.073342144
-0.19689642
-0.007786361
0.11515799
-0.08441271
-0.064972326
0.025542017
0.02643964
0.035410505
0.04815232
0.009448613
-0.1010297
-0.016992263
-0.019235183
0.029638797
0.19033651
-0.034581903
-0.05686029
0.10743161
0.07135157
-0.028999133
-0.11808531
-0.017490817
0.0684186
-0.018360237
0.14780359
0.06842456
-0.004351614
0.11956967
-0.093450174
0.0041104327
0.0905304
-0.074672334
-0.009468098
-0.10433152
-0.06565157
0.03814602
-0.059230346
-0.010395031
-0.09903339
-0.016767833
-0.12909308
0.0010319905
0.04150399
0.030628316
0.14341493
-0.071205154
0.10932276
0.052917477
0.03991762
-0.07523716
0.077414356
-0.07636987
-2.257643e-05
0.009824035
0.0038444859
0.01925816
0.052184135
0.023340933
0.075643755
0.08187339
0.045479678
-0.012020422
-0.14525752
-0.055394832
-0.08668801
0.10179007
-0.040360425
0.042926352
0.024813006
0.07871017
-0.03032754
-0.071763836
-0.08465043
-0.048269413
-0.03920866
0.11457086
0.07347303
0.066425376
-0.056662228
0.01112737
-0.15955819
-0.06039722
-0.07270706
0.21032818
0.026907293
-0.080386356
-0.09034865
-0.09392333
-0.10851725
0.030461907
0.101935774
-0.08028693
-0.0757224
-0.13885745
0.10264022
-0.048695337
-0.026779423
0.029597059
0.16482633
0.008570287
0.01868554
0.06782515
0.011594753
0.025747545
-0.06391139
0.06404973
0.03390387
0.114725366
0.09885195
0.052885078
-0.05621792
0.11188892
-0.0336656
0.06835167
0.12758501
-0.036484387
0.050217148
0.05350959
0.011216237
0.07244784
-0.059005767
0.057635978
0.068702266
0.11234889
0.082644254
0.032689344
-0.059690434
0.04602167
-0.046182316
-0.14787011
-0.07154169
0.005990145
0.15722007
-0.020396212
-0.031663213
-0.02527775
-0.023174223
-0.009060969
0.011077562
-0.012443326
-0.036684897
-0.024575159
-0.021762427
-0.1772062
0.016293878
-0.009794943
0.01854883
-0.10638635
-0.07464752
-0.043421965
-0.055761553
-0.029144559
0.047556534
-0.03751382
-0.048334304
0.0054883515
0.015436432
0.072060905
0.03356849
0.09636856
0.068725474
0.043685447
0.060165495
-0.024257476
-0.015564534
-0.08001123
0.06826315
0.07924238
0.1268399
-0.018049441
0.01601832
0.034258198
-0.052959494
0.052383866
0.041561205
0.043043353
-0.027752308
0.046933167
0.084877215
0.12923305
0.020488083
0.04877438
0.07268287
0.12495244
-0.108987525
0.08464931
0.117134705
-0.036100406
0.0245906
-0.11735241
-0.17744657
0.18998867
0.096082635
-0.001592892
-0.054101557
0.06166949
-0.012425306
-0.036136866
-0.0102093
0.08233772
-0.058410853
0.096861415
-0.085860275
0.10492251
0.08349597
0.06174864
0.016351102
-0.07445949
0.072920576
0.07099279
-0.024306137
0.018308101
-0.04168607
0.049154434
0.032716032
0.13958332
0.0895999
0.029855419
-0.11319807
0.0067345686
-0.022635337
0.092925794
0.04838231
0.06656087
0.08643848
0.066125564
0.06977378
0.024127921
0.066150144
-0.06462898
-0.045796722
-0.024455411
-0.033082735
-0.04091054
-0.010654391
-0.042936865
-0.076763615
-0.027949838
0.0075681345
0.1030069
0.0020589246
0.012583155
0.081917286
-0.014837498
0.019000191
-0.012002001
-0.069862425
-0.050311018
-0.09874519
-0.06068358
0.032267176
0.03076125
-0.0051932693
-0.06699946
-0.02055123
-0.008060882
-0.00510382
0.06570338
-0.12592092
-0.058499098
-0.07510824
0.06841341
-0.09311431
-0.051832847
0.038030636
-0.026774595
0.013791873
-0.025242183
-0.02818147
0.06595162
-0.009109748
-0.05436771
0.059304435
0.004303187
0.010357586
0.0023244796
0.059736263
0.1686388
0.036590718
0.18643993
-0.16305152
-0.024915114
-0.08165337
0.11134519
0.053834386
-0.072215185
-0.08209231
-0.13261192
0.04905484
-0.07596563
0.0066052433
0.019695908
-0.03421075
0.06146304
0.076785825
0.053609945
0.06717619
-0.076349296
-0.057017297
0.009986674
0.04452614
-0.015794951
0.07581396
0.07973728
0.043624364
-0.075371295
-0.02847026
-0.041192513
-0.038570236
-0.043858353
0.055236414
0.048302982
0.04291879
0.043944575
0.043487344
-0.020770038
-0.09530274
0.03663029
0.0919132
-0.06725415
0.018315177
-0.044930365
-0.07654764
0.085536584
0.053094056
-0.041945275
0.08181684
0.0047349744
-0.087641984
0.010901779
-0.062928185
0.028266484
-0.091692336
-0.088138685
-0.05581282
0.06915075
0.062004954
-0.014609794
-0.0023196235
-0.08128609
0.063048854
-0.053190064
-0.00025436477
0.020255463
-0.013846192
-0.021855513
-0.0034758092
0.05955712
0.04618929
-0.015401513
0.04376003
0.06444888
-0.016955951
0.063006915
0.07136692
-0.056811623
0.06313635
0.0050042155
-0.03716544
0.0891164
-0.013738036
-0.012562181
0.027763052
0.0776917
0.06497693
0.09306654
0.040639933
0.006796261
0.15204984
-0.016823418
0.07738991
-0.12416188
-0.019262401
-0.014009007
-0.07709251
0.08728898
-0.14155513
0.08668909
0.06539992
-0.0032785146
-0.07795639
0.06591375
-0.12818837
-0.03464078
-0.15082365
0.014052285
-0.01335913
0.089133315
0.07485959
0.06487766
0.05906826
-0.058762904
-0.05399274
-0.019381572
-0.04033621
0.012590094
-0.021657178
-0.098389514
-0.113964684
-0.05368797
0.04205262
0.073033124
-0.15540814
-0.080419876
-0.030131083
0.0694272
-0.035316937
-0.053442318
0.06320173
0.05737715
-0.14515266
0.03162964
-0.05950331
-0.015347096
-0.10091247
0.0009836699
0.082584925
0.014043927
-0.030823955
0.079568364
0.045277808
0.049460594
0.049059674
-0.027815234
-0.069210425
0.13065115
0.04061948
0.0863131
-0.002266664
-0.054931693
0.16905561
0.037955754
0.084163226
0.086584955
0.05017966
0.011078419
-0.030875623
-0.033069853
-0.049714014
-0.0334302
0.0096064955
0.04091697
0.062098134
0.09173616
-0.07729629
0.037124436
0.01778015
0.01403627
-0.08837422
-0.053973343
0.08388403
0.05468071
-0.06632844
-0.031300403
-0.07462987
0.04802129
0.08097194
-0.030226476
-0.031327605
0.0030548957
0.023602715
0.039597064
0.08604793
0.045284886
0.06082151
0.02994589
-0.10230081
0.08930749
0.035655163
0.008733755
-0.07810765
-0.02675318
0.12801637
0.09194347
-0.018163957
0.025828803
0.08059901
-0.025993189
0.093681574
-0.11688617
0.037870675
0.022944033
0.0527443
0.027251175
0.023042042
0.016503062
-0.08943531
0.07032622
0.04065066
0.06980531
0.03165958
-0.084472276
0.052964393
0.059665814
0.072558865
0.054718718
-0.019141018
-0.024872528
-0.015118706
0.03719704
0.0673663
-0.059503987
0.0019847832
-0.00048161577
-0.08067028
-0.051405486
-0.033767354
-0.06738699
-0.035503354
0.044903792
0.00997245
0.07625045
-0.12563668
-0.09154038
-0.079945095
-0.18977869
-0.08099788
0.1521076
0.10122891
0.00802304
-0.111393645
-0.04696694
-0.10033738
-0.10850822
0.10622833
-0.010663156
0.06962861
0.044807576
-0.06132699
-0.040671617
-0.10753269
0.00021730375
-0.019129287
-0.06411362
0.03179764
-0.011467272
0.055050097
0.06862611
-0.003067755
0.08690582
0.042187028
-0.07104463
0.020066053
0.045869853
0.08365974
0.10268219
-0.09100735
0.007761834
0.02016326
-0.013931605
-0.021518556
-0.057310086
0.076282226
0.10261267
0.10451729
0.05952434
0.050809816
0.01013964
0.020643367
0.105588816
0.0125765195
0.071389735
0.03942289
0.13217975
-0.06318992
0.044843055
-0.034416065
0.015476584
0.10840866
0.024873734
0.051775157
-0.02607755
-0.09964336
0.089837454
-0.067747444
0.12992112
-0.06937859
-0.040585227
0.11576824
-0.0047905976
0.008553156
-0.03351461
-0.01591204
0.077768
-0.09655219
0.09184323
-0.08903639
0.03164026
0.082629606
0.035544388
-0.059227493
-0.004680109
-0.027571555
0.018976944
0.10395282
0.07877769
-0.083173774
-0.07605973
0.056963716
0.040535457
-0.06608323
0.05591158
0.12332091
0.061115842
0.097365245
0.035177514
0.076445535
-0.032715503
0.03351369
-0.01521022
0.04463678
0.037787393
-0.033184696
0.07511088
0.20448765
-0.07736351
-0.03290346
0.08624915
0.064462855
0.056279287
0.08343965
-0.005731869
0.01297695
0.120284915
-0.11602316
0.09649287
-0.05119404
0.07141082
-0.042932183
0.07512221
-0.03892291
0.04214683
0.03365637
-0.0483937
0.04669651
0.029287273
0.06264277
-0.08400881
0.025693208
0.036116086
0.049831618
-0.025043733
-0.09668508
-0.06787186
0.016151074
-0.04651343
0.00936221
0.041892882
0.040208917
-0.008077023
0.080614015
-0.024360824
0.0034240454
-0.021280142
0.044458784
0.05739207
-0.0055503636
0.015755283
0.0761558
-0.06406965
0.07246555
0.10463494
0.029117957
0.0045914957
0.17165838
-0.0034850792
-0.1692574
-0.018095866
-0.12453032
-0.05151749
0.04430335
0.05774309
-0.040584993
0.07730687
0.016062485
0.03937026
0.021831173
-0.012606555
-0.010297241
-0.026346255
0.06672386
-0.00073428685
0.067910455
-0.029496802
0.028145986
-0.048068132
0.05306397
-0.10182484
-0.07332264
0.029172428
0.08014997
0.016289264
0.113771
0.07514501
-0.022343231
-0.034858413
-0.006977207
0.021774312
0.07553432
0.018537799
0.029300343
0.03980819
-0.05535925
0.001084183
0.032226063
0.006178213
0.20935966
-0.04884176
-0.04585156
0.0036348186
0.0047154767
-0.03232212
-0.09681838
-0.05468463
-0.018584354
-0.18517491
0.06105008
-0.034597374
-0.16032009
0.078012325
0.02472777
0.088497676
0.020056069
0.09045095
0.11135753
0.021760916
0.013274606
-0.064800575
-0.09001487
-0.029444985
0.05344496
0.08416683
-0.023925778
0.101193465
-0.032475792
-0.030865576
-0.010584981
0.0027960818
-0.0027345954
0.027120648
-0.0040237093
0.018680036
0.044322766
0.04607606
-0.04213097
0.0803061
0.014013296
0.01981681
-0.008456667
0.02945041
0.02280467
-0.02652588
0.17696902
0.27969646
0.05826268
0.05988487
0.05095271
0.022584546
-0.054564066
0.034403402
0.089885846
0.020371404
-0.0027832831
-0.11307934
0.024289249
-0.090339944
0.036168903
0.07433622
-0.0854083
0.07716427
0.007912405
-0.059004623
0.06557457
0.109209515
-0.05820304
-0.042631995
-0.03655157
-0.022793995
-0.0710498
0.08926558
0.084319584
-0.061154276
-0.010215936
0.027715119
-0.04414597
-0.045089915
0.050850615
0.043641333
0.029693209
-0.00886162
0.082129285
0.044895757
-0.06637655
0.06201527
-0.06305754
0.040595017
-0.054339424
0.035023265
-0.03710228
0.010853905
-0.041477922
