-0.049571007
-0.09717048
-0.19715962
-0.086283915
-0.076353416
-0.13211085
0.11568151
-0.11352871
0.06825167
-0.097784206
0.061756246
0.11367598
-0.13396728
0.15644217
0.029133253
-0.10285208
-0.014834476
-0.013201066
0.09465813
0.0696197
-0.016422918
-0.034553953
0.008661957
0.12416561
0.04056619
0.06126839
0.103657834
-0.0009725777
-0.03504991
0.07894655
0.06340744
-0.02753569
0.068629585
0.09974468
0.049111832
0.14197409
-0.0026737268
0.07403847
0.08647766
0.12155991
0.017449895
0.045198813
-0.007594591
-0.010006932
-0.013780624
0.058582056
-0.015620429
0.089603566
-0.20577544
-0.050427403
-0.1381203
0.041071806
-0.21143991
-0.1028979
0.04298538
0.032447014
-0.029929629
0.102189586
-0.053783875
0.08176424
-0.09944721
0.07088989
-0.029224735
-0.2587413
-0.05451314
-0.06460729
-0.034245823
0.0077006025
-0.086328626
0.0091716135
-0.087351054
0.021285111
0.03190532
-0.06872956
0.10148728
-0.059844445
-0.027329626
-0.024182094
0.04770208
0.0126300175
0.05127743
0.1949585
-0.042043813
0.107885756
0.008573979
0.0027217183
0.0024552585
-0.11688651
-0.057034858
0.022967752
0.017849624
0.015732136
0.012823955
-0.0013942089
-0.051148366
0.24586289
-0.2564705
0.013714879
-0.11364393
0.122036904
-0.14650306
-0.12556498
-0.008504381
-0.21012142
0.106789224
-0.11234089
0.0055273566
-0.088384464
-0.05399719
0.12136085
0.07838077
-0.04958493
-0.1729791
0.013658395
-0.062729225
0.04200507
-0.02707326
-0.003310054
-0.085074306
-0.036883816
0.0593723
-0.020298023
0.12079345
-0.034394167
-1.2713863e-05
0.04474746
0.055761848
-0.029805345
0.07647076
0.07229581
0.02517566
-0.034342736
0.035991274
-0.049634334
0.16513708
-0.043486055
-0.073213875
0.16145444
0.120475054
-0.17293486
-0.17679226
0.09824193
-0.17162514
0.252654
-0.11174298
0.09277104
0.06751437
0.08046557
-0.033821154
-0.058216054
-0.027819
-0.053198885
0.10300648
0.029008115
0.044357847
0.054743223
0.03308914
0.023570469
-0.06898891
-0.049399454
-0.06646345
0.057999797
-0.04130336
0.12769161
0.074383855
-0.07854562
0.07839142
0.008310288
-0.044006385
-0.05859221
0.04107085
-0.009571387
-0.03092349
-0.022302022
-0.042170532
-0.08515103
0.084590405
0.13425255
0.0012863105
0.060431983
-0.017109133
0.13301691
0.14058764
0.08266025
0.01432233
-0.04466644
-0.043795157
-0.051708978
0.112350345
-0.04553041
-0.020366954
0.15212661
-0.20837589
-0.13710584
0.13189636
0.057211798
0.059036702
-0.25381738
-0.10367634
-0.14724344
-0.04387234
-0.03220255
0.08816333
0.14349179
0.06922108
0.18180315
-0.07669261
-0.2483835
-0.116647266
0.05116324
-0.011014434
0.048976157
-0.006471589
-0.07408155
-0.069769196
0.10602042
-0.029254783
0.015156842
-0.03021837
0.024368227
-0.18347546
0.08122124
-0.0678057
-0.04048604
0.053522304
0.0676313
-0.02307743
0.044939835
-0.0680967
-0.02488539
0.07340805
-0.05651598
-0.017518042
0.07629526
-0.07153942
0.046642926
-0.105095595
-0.020268463
-0.054892603
0.17888337
-0.20790702
-0.113768496
-0.20595297
0.0022848512
-0.08779949
-0.07071757
-0.061486013
-0.19812569
0.026623882
0.06434125
-0.052521795
-0.0001538952
-0.07523287
0.047965657
-0.07064181
-0.007645957
-0.12309866
-0.07418348
-0.029516866
0.014260433
-0.07828661
0.022927817
-0.11595621
-0.05336647
0.12849991
-0.08267944
-0.06048435
-0.074800745
0.025372457
-0.105342165
-0.05053999
-0.054905828
0.14505142
0.09055037
-0.052435555
0.0074633434
0.00042451225
0.034281168
0.106406085
0.0147518795
0.045923907
-0.021329697
0.055332616
-0.10433793
-0.03132526
-0.047775384
-0.18973853
0.21580955
-0.17994972
-0.1603688
0.047531083
0.25544497
0.076463774
-0.059899308
0.07359148
0.024605887
0.13637954
-0.03825249
0.053351674
-0.07386498
-0.07588462
0.013731114
0.037113406
0.034051348
-0.06165292
0.06792476
0.0047571436
0.03934699
0.028459575
0.05801565
0.008240577
0.084842406
-0.061226837
0.04451749
0.04034419
-0.06128283
-0.06643856
0.019898567
0.08965183
-0.10543855
0.012190663
0.08341073
-0.06813264
0.08202516
0.047751423
0.013012516
0.020399606
0.10006296
-0.029015537
0.010696814
0.02104623
0.022541128
0.023692993
0.06012437
-0.028759612
0.02556383
-0.035938844
0.010670965
0.025624756
0.2083277
-0.18821335
-0.17436887
-0.19888434
-0.091153145
0.04528446
-0.183411
-0.08288003
-0.063348554
-0.11713721
0.07428034
0.050864764
-0.09679671
-0.123399094
0.0037159258
-0.12150317
-0.09293026
0.018409314
-0.11815149
-0.060930435
0.055365376
-0.013392422
-0.055996433
-0.040706553
-0.053144317
-0.11539942
0.12176691
-0.027949838
-0.037133634
0.07305409
0.14952579
0.0340143
0.023154581
0.08745315
0.01658508
0.09915542
-0.116801746
0.05321036
0.08837456
0.08251757
-0.0597056
-0.07037299
0.019638442
-0.03719903
0.24867639
-0.123271264
0.029554024
0.042466417
-0.13162793
-0.08923146
-0.0006147102
0.02819669
-0.083883956
-0.066176265
0.007393795
-0.029571177
-0.18062858
-0.044639118
0.12774329
-0.0025513652
-0.10705812
-0.07756992
0.098884314
-0.100949995
-0.03363904
-0.093952276
-0.13324493
-0.1287833
-0.02493785
-0.016468054
-0.06778159
0.013028169
-0.032316756
-0.077518284
0.013574859
-0.024071226
-0.166491
0.18361874
0.09698878
-0.017192954
-0.010723688
0.06895696
-0.036473624
0.13188253
-0.15531152
-0.028810559
0.009933672
0.0828336
-0.14637242
-0.01171396
0.11876406
-0.110750556
0.14017777
-0.054768395
0.1265006
0.123456486
-0.07495615
0.0091178985
-0.07330217
-0.0054457514
-0.093647465
-0.096937425
0.13059428
0.05412417
0.023511713
0.086762466
-0.12684084
0.06635342
0.12532358
0.09064701
0.01861906
0.033015396
0.014486855
-0.050104108
-0.011767205
0.072545946
0.018458633
0.013066444
0.07813259
0.050428692
-0.052161507
0.08778653
0.006702939
0.018339744
-0.06493545
0.12377965
0.061714638
0.06483554
0.15021268
0.12906848
-0.12687348
0.015702495
0.1582584
0.14123157
-0.06091121
-0.06819013
0.14000311
0.019678753
-0.075440206
0.07632617
0.10101173
0.12200642
0.021029003
-0.120379694
0.033396196
0.07122969
-0.15029354
0.054975525
-0.08144082
-0.12265546
0.21159858
0.05629219
0.12361839
0.06270417
-0.038546205
0.025812104
-0.031997524
-0.05868989
0.13375326
-0.044660773
0.12293762
-0.096591555
0.10322494
-0.043576717
0.054665707
0.017949471
0.09201565
0.013234828
-0.038088094
0.011991258
-0.01942232
-0.042557478
-0.022252226
0.09007517
0.0010756389
0.094923005
0.11359056
0.059439987
0.13755812
0.115260586
-0.0025098105
0.04778506
0.14191313
0.018023381
0.025573688
0.019829715
0.054656807
-0.005298359
0.097327396
0.062384382
0.10352251
-0.13733822
0.030016407
0.058614172
0.103629746
-0.08812553
0.08672903
-0.09106824
-0.11987451
0.06007287
0.2099207
-0.017407639
0.022830034
0.035303388
0.06817378
-0.01859472
-0.023427768
-0.046199907
-0.099881254
0.050043635
0.114385396
0.0022272256
0.12620915
0.06463882
0.043986447
-0.024795938
-0.135834
-0.057919282
-0.0788228
-0.001543173
-0.04620684
0.14984651
0.088727206
0.024877533
0.19087069
0.0804273
0.10321529
0.14036348
0.0059321984
-0.030363075
0.0021036442
0.0064065685
-0.011822201
0.079544604
0.033288553
0.054397676
0.083925694
-0.24693103
-0.0053257896
0.16868712
-0.047257114
0.02741372
0.031329095
-0.0493691
0.027020676
-0.01664604
0.1593749
0.07511661
0.01838135
-0.04600748
0.025652803
-0.02452846
0.06481598
0.09026346
0.024388134
-0.030702736
0.08063435
0.041263886
-0.008061644
0.011273102
0.046966393
-0.027861612
0.11310072
0.02045737
-0.008538242
0.14471805
-0.007819815
-0.13506354
-0.059529994
0.06152737
0.12412071
0.036662888
0.035018157
0.07126691
-0.04126421
-0.05216693
0.1341861
0.034838006
-0.0044027516
-0.07206616
0.12343139
0.103325754
-0.056588143
0.037848037
0.048996676
-0.05754698
0.029746909
-0.055668388
0.10091334
0.14717153
-0.067859374
-0.06769551
-0.04838526
-0.05834563
-0.23636442
0.012444509
-0.0043466794
0.13400297
-0.2025241
-0.0033792725
0.018858796
0.049931455
0.060515247
0.08093923
0.11596177
-0.081306234
0.065611325
-0.040051218
0.07505426
0.0105764
0.051406108
-0.06300421
-0.080874965
0.014492106
-0.015951736
0.0023788617
0.06648197
0.13144657
-0.0013674584
0.10379991
0.06883137
0.059389997
0.06996704
0.07938055
0.10449888
0.011745033
0.0094635105
0.015566524
-0.017232621
-0.011059843
0.1051498
0.1286358
0.05927849
-0.021805916
-0.018867612
0.009027184
0.123994425
0.030561024
-0.05823446
-0.09081744
0.11710246
0.06236812
-0.10609547
0.029979087
0.083661035
0.053109765
-0.051653333
-0.011104915
-0.10098976
0.04247097
0.05433058
0.09798494
-0.09493759
-0.062877
0.07171875
0.063276
0.094488405
0.0925655
0.11214368
0.100383714
-0.11834431
0.07188563
-0.02743035
0.042300195
0.07314789
0.2099131
0.09416342
0.025635794
0.036507756
-0.024286801
0.04674806
0.23527066
-0.03653865
0.05434083
0.118024096
-0.02437687
0.083951116
0.103104964
0.082947984
0.08593761
0.13271326
-0.13675767
-0.04820538
0.12665649
0.023001786
-0.046793725
0.021175025
-0.1709578
-0.10433414
-0.046685442
-0.028157936
0.08313478
0.03857129
0.012225304
-0.100672126
-0.030370383
0.012822222
-0.008286068
0.039612625
0.019796392
0.021463627
-0.02791522
0.0017565037
-0.052188925
-0.013809936
-0.0012352472
-0.039447136
0.066589035
-0.061884716
0.13379858
-0.09321308
0.05475772
0.07705935
0.13615319
0.040779717
-0.021056794
-0.021213667
0.06316776
-0.037907355
-0.20002347
0.041956976
0.06510843
-0.028469535
-0.11473351
0.16651678
-0.017412012
-0.06794582
0.08403519
0.123865135
-0.12621377
0.024479484
-0.03820789
0.0035908197
-0.080846615
-0.092833064
-0.068443134
0.07296665
-0.11268338
-0.0034331148
0.07630294
-0.07442819
-0.032586347
-0.14733544
-0.034873426
0.09565952
-0.062071767
0.056685608
-0.016262256
-0.020408226
0.0814852
0.06514067
0.0071003255
0.050796736
-0.03144996
-0.013484277
-0.06643023
-0.10388054
-0.018071754
-0.04011461
0.06460365
0.030526616
0.17480417
0.113012105
0.08254534
-0.027401974
-0.04723292
0.0477701
-0.03470062
-0.015679037
0.074821346
0.024473133
0.07620688
-0.028567526
0.11045557
0.01678636
0.07261691
0.072170116
-0.099711366
-0.124994166
0.0931437
-0.13159186
0.007490181
0.073493525
0.018827418
-0.013731386
-0.10268846
-0.054533288
-0.13048235
0.003930201
-0.02632843
0.11689922
0.121726185
0.011656814
-0.041929472
0.015213375
-0.02690557
0.035843164
0.0929684
0.023229945
0.04403476
0.09799312
0.081595555
0.03560435
-0.032389298
-0.09615048
-0.05874585
0.021767993
0.028873801
-0.015597619
0.20024277
0.17573534
0.117214784
0.14456803
0.040841646
0.1386822
0.17085168
0.11938519
0.06592038
0.08682047
0.05656601
-0.04945592
-0.03498961
0.11207348
0.09331881
0.2179638
0.032550827
0.041298587
0.16204984
0.19327974
0.020619996
-0.008219828
0.10060584
0.062238034
-0.04219171
0.0545081
0.1071704
0.040266942
0.04159199
0.010248724
0.08437115
-0.11562924
0.08248859
0.023169208
0.037344106
0.058064442
-0.093749896
-0.041814525
-0.07393461
0.10092914
-0.024931693
-0.027216434
-0.04471599
-0.09159958
-0.001487189
0.0683794
-0.09902864
-0.033946585
-0.045592193
0.005225723
0.13899878
0.09713602
0.040599402
0.13401
0.13011849
0.024367547
-0.034291737
-0.035130017
0.09074201
-0.09039628
-0.07995584
0.11595285
0.10475702
0.099163815
-0.0994122
0.051964007
-0.09488087
0.046317004
0.14336847
-0.10997541
-0.06632424
0.010034038
-0.048873857
0.09700791
0.035256464
-0.062488757
-0.077758014
0.08148459
0.07682426
-0.105564564
0.08344564
0.015808886
-0.039241306
0.028352566
-0.044033293
0.053551596
0.0015587808
0.03560742
0.11267124
0.068892926
0.043042794
-0.056419156
-0.07035853
0.056491695
-0.038353574
0.08897394
0.010778196
0.17369306
-0.08198139
0.09262752
-0.065314755
0.042758163
0.099099465
0.03757631
0.008754671
0.0035899803
0.11660547
0.026535194
0.02811875
-0.030345228
-0.021283137
0.059569627
0.1327478
-0.0073764706
0.037266888
0.048797082
-0.013786053
0.03445112
-0.0371854
-0.048899934
-0.07603878
0.09990758
-0.051181015
-0.049863942
0.07814906
-0.069739655
-0.07274738
-0.090484284
-0.05109801
0.031423185
-0.04473267
-0.0010711192
0.049712427
0.04588964
-0.0798662
0.026504083
0.09480335
-0.039417394
0.047224518
0.03694324
0.04981571
0.13247824
0.09478513
-0.064055465
0.14597915
0.09013466
0.006568736
0.14013232
0.038336966
-0.02946302
0.0058246953
0.09368082
0.07267793
0.090962164
0.014688564
0.10871302
0.005230818
0.013013179
0.020796083
0.00749082
-0.044060834
-0.026260203
-0.13888606
0.08416236
0.09354892
-0.00898666
0.09014329
-0.0019247626
0.031645417
0.01427997
0.09144461
0.026826618
-0.028336538
-0.044273145
0.05565207
0.036050193
0.02473721
0.06021774
-0.08284595
0.07676189
0.05782279
-0.0692262
0.004333484
-0.002977984
0.073248714
-0.0010510003
-0.08709224
0.01341942
0.05667537
0.03086349
0.054882858
-0.049385868
-0.004946979
0.0030482027
0.055745486
0.12278565
0.03937473
0.040376913
0.19307882
0.007687243
0.09131757
-0.021247987
0.13653128
-0.022381246
-0.06697988
0.12827227
0.059126884
0.055050816
0.023464361
0.048067667
-0.08939462
-0.03691954
0.088572465
-0.09584362
-0.08452797
-0.09348474
0.05204919
0.027095526
0.0431643
0.16658324
-0.044217806
0.018685393
-0.14724459
-0.2221998
0.016027799
0.089461625
-0.018251954
0.0034929318
-0.0039044737
-0.06588924
-0.033496127
-0.018240524
0.032122932
-0.049998116
-0.062384292
0.02104817
-0.069081426
0.08221962
0.07648715
-0.05977738
0.08141811
0.12644337
0.057770237
0.12868088
0.04784337
0.13555415
0.19219086
0.11561456
-0.06518029
-0.023251453
0.029286554
0.053522587
-0.014616336
-0.017944885
0.0044346596
0.017285878
-0.14150023
0.015859202
-0.11926225
-0.036069
0.11583671
-0.012679983
-0.061564498
-0.02243788
0.045996726
0.08508787
-0.17207025
-0.15536794
0.033145893
0.0206703
0.2070456
-0.0032719376
0.020666663
-0.0061847884
0.07370077
-0.017122606
-0.039302
-0.03760885
-0.018462133
0.066908
-0.07296053
0.051199
0.12621972
0.00940632
-0.04997369
-0.022994047
-0.057648223
-0.005078093
0.09051482
0.03204594
-0.0551809
0.14891784
-0.018296983
-0.044401824
0.06668428
-0.021404212
0.00744485
0.034520075
0.11294324
0.09006301
0.06061369
0.06661684
-0.083606064
0.15688835
0.13148962
-0.10685636
0.075529695
0.0855243
-0.27095577
-0.12757866
-0.257748
-0.046496928
-0.022353606
-0.012841093
-0.045853395
-0.071324855
0.06878159
0.03328506
-0.024850551
0.071334474
-0.01566465
0.10213717
0.021847982
-0.06693902
-0.095598616
-0.0427129
-0.063949995
-0.043944452
-0.015508412
0.074163884
-0.0040572453
0.01464052
-0.07740548
0.14141619
-0.075243995
0.09064184
0.10460351
0.09882128
-0.0199886
-0.01616939
0.050861795
0.09271893
0.1583001
-0.038571835
0.12289798
0.034199987
0.08941013
-0.03516989
0.014426544
0.049516883
-0.030344333
0.063366555
0.041541327
0.0063011013
0.07976332
0.0034552542
0.02308934
-0.022832228
0.040917866
-0.13273872
0.066111386
-0.13326061
-0.1471687
-0.032707676
0.05433536
0.115571246
0.027852783
0.04280785
0.055998556
0.030459689
0.015404668
-0.010333644
0.02972225
-0.0069873054
-0.016096726
-0.014362203
0.099545255
-0.038390685
-0.041316133
-0.099529594
0.023892198
0.12258065
-0.04798571
0.0150123015
0.069624335
0.018636782
0.045470834
0.027245875
-0.039611373
-0.004857943
0.11642367
-0.01736574
0.04728739
0.033207566
0.18222101
-0.02493916
0.020371877
-0.06442627
-0.007374699
0.107574195
0.008798819
-0.033744473
-0.0022075274
0.008528809
0.02613087
-0.15109485
-0.089434795
-0.069199085
0.07537366
0.050786383
0.007993908
-0.11559454
-0.050661508
-0.047566395
0.10227103
0.061512586
0.09026551
0.07835537
-0.053999614
0.15059967
0.052056577
-0.010245057
-0.020522233
0.079238325
0.07192677
-0.07760212
0.15786408
-0.07881847
0.09021539
0.090804026
-0.05105454
0.06902474
0.03677496
0.012075466
0.0618725
0.12717348
-0.04361789
0.1088431
-0.0015712002
0.04173222
-0.029352935
0.0065641515
0.032892205
-0.021168562
0.029924653
0.09675426
-0.021177309
0.11518846
0.091076136
0.05026902
-0.003154551
0.21246992
-0.22832662
-0.023409445
-0.027699385
0.16469909
-0.07610653
0.14389074
-0.04799403
-0.12961872
-0.10465743
-0.092103936
-0.09647955
0.0052845418
-0.05029921
0.10811627
0.024795523
0.12068329
0.08391356
-0.047260307
-0.10454033
-0.049825616
0.027115915
0.04392153
0.048960462
0.079191595
-0.08069585
0.17947948
0.111603424
-0.076074466
0.030629981
0.026811909
0.08956504
-0.044688445
0.037231743
-0.075644284
-0.007540167
0.003946778
0.03433445
0.10335287
-0.078774184
0.016058128
0.06610492
-0.048841164
0.063936345
0.113722175
-0.086401984
-0.120676555
0.0748388
-0.085716486
0.009570537
-0.065984264
-0.054087266
0.0602638
-0.10123388
-0.06397562
-0.16963094
-0.21668771
-0.02080182
-0.11255641
0.24897417
-0.18652749
0.06629322
0.024994848
-0.023661882
-0.067167185
-0.05835984
0.008182003
0.046080988
0.05496849
0.08712288
0.008379002
0.112230815
0.05529833
0.045545235
0.044948697
0.018585136
-0.11127529
0.18081962
0.04272947
-0.090549
-0.026673779
0.08416998
0.0065641757
-0.11688022
0.08040055
-0.046710063
-0.053121224
0.027428182
0.06927452
-0.026424576
-0.044921704
-0.018102229
0.047377836
0.021577802
-0.13269204
-0.15636346
-0.0109798955
-0.06344144
0.07031987
0.028779397
-0.15057334
-0.048549704
-0.014716862
-0.03343135
0.029545253
0.005608194
-0.030476619
0.07594652
-0.13713065
0.03753637
-0.09457494
0.049253523
0.055655237
-0.08074592
-0.05983391
0.019122314
-0.041149575
0.0822396
-0.04025676
0.024184894
0.02101387
0.02070493
0.041144766
0.14209339
-0.033312198
0.1474543
-0.075323924
-0.03120048
-0.07139536
-0.0043918905
-0.09782155
-0.047741346
0.10338097
0.10238907
0.020963337
-0.020927371
0.00425748
-0.031791914
0.006008105
0.08387989
-0.0030887637
-0.029766327
-0.14389524
-0.0001560858
0.0737523
-0.04758166
-0.05246637
-0.08016082
-0.11130831
0.010991592
-0.03613529
-0.15311196
-0.10304686
0.07599773
-0.018290544
-0.08648323
0.07150756
-0.038340125
0.06416893
-0.008519087
-0.019756481
0.06436744
-0.05952656
-0.09104463
-0.087634325
0.034150813
0.03880842
0.14086278
0.10090058
-0.06542448
-0.015171575
-0.0662814
0.03723287
0.15889996
0.05043693
0.08406387
0.017203206
0.015652549
0.020377494
-0.03486922
-0.06883249
0.05784336
0.095320426
0.035170548
-0.011287701
-0.03115686
-0.04714788
-0.00217304
0.0757467
0.036991503
-0.042349108
0.008666387
-0.037058648
-0.06957031
0.060371917
-0.03918643
0.013642328
-0.08580455
0.05206287
0.075854905
0.0036673076
0.09460658
-0.018310267
-0.049121372
0.0048982855
0.020074034
-0.023014782
0.016466418
0.017549757
0.06701874
0.05745232
-0.053470686
-0.03408363
-0.009872015
0.011166562
-0.026408019
0.023016484
0.016345307
-0.03818106
0.09187939
-0.02348297
0.16456646
0.051220357
0.031449765
0.10219783
0.013253993
-0.08838019
-0.033890836
0.19475527
0.10041445
0.11283816
-0.08197675
0.061074365
-0.04204281
0.017888697
-0.028577473
0.04385178
-0.057435352
-0.0477415
-0.100887135
-0.033947162
-0.19878139
-0.04655119
-0.03807115
-0.046952203
-0.05852517
-0.040131185
0.06953711
0.0995972
-0.015154867
-0.049305193
0.013910573
0.043954447
-0.04395809
0.101799086
0.04015329
0.05393758
0.031273827
0.000949732
-0.08705525
-0.030407134
0.009274936
0.02291733
-0.0009011471
-0.049717266
0.004144091
-0.013137748
0.13871613
-0.050964043
0.082998194
-0.022103688
0.023354802
0.032543615
0.0734118
-0.038862318
0.015306246
0.033276223
0.093849346
0.0707126
-0.07010781
0.04575336
0.0033063304
-0.05677893
-0.028084645
0.13362011
0.06363202
-0.09588626
-0.13090234
-0.016394103
-0.035366148
-0.024151161
-0.021221502
0.03955226
-0.19126132
-0.0982447
-0.0029418897
0.05931413
0.016116401
-0.09886592
-0.15789989
-0.11278084
-0.07840212
0.1593094
0.041803148
-0.022029826
0.12237277
0.015785728
0.019372098
-0.0075174454
-0.05149739
-0.06494683
0.08433456
0.07195709
-0.0723073
0.03982424
-0.038412146
0.073237225
-0.00028856716
0.044252392
-0.13249557
0.11501801
0.08793554
-0.03202194
-0.007535926
0.08202289
0.049864184
0.08475382
0.0025036489
0.08482724
0.07013738
-0.09615684
0.0066505396
0.07601594
0.0028655638
-0.019242667
-0.0893389
-0.04234036
-0.10133366
-0.11990352
-0.07103607
-0.08891484
-0.10859221
0.014360476
-0.059979316
0.009032391
-0.055685505
-0.049080513
-0.062339652
0.044609424
-0.029280715
-0.0020288269
0.004184457
-0.13000664
0.009650389
-0.02896562
-0.107668966
-0.08943409
-0.099101596
-0.055524025
-0.025368823
0.0424839
-0.060337275
-0.11149564
-0.019229569
0.0063079945
0.19768271
0.09142231
-0.068217196
-0.039139356
0.10014205
-0.108600475
-0.13412304
0.060404457
-0.12516347
0.15484126
-0.10318919
0.0319476
0.003892615
-0.022462573
-0.057295095
0.105608255
0.015581192
-0.13414286
-0.14017479
-0.22445701
-0.05303902
-0.097639464
-0.09346765
-0.03340411
-0.22458808
0.05522914
0.06498104
0.11998515
0.0664804
0.09983356
0.06927139
-0.1749852
-0.06743949
-0.019066479
-0.054446883
0.009161772
0.10780834
-0.020269573
0.014327987
-0.132538
-0.12775557
-0.030221874
0.08167203
0.055822916
0.07120257
-0.079521656
0.09728394
-0.06910416
0.030988658
0.1572291
0.054244746
-0.097204275
0.08850992
-0.005157637
-0.08201136
-0.03497883
0.11005769
0.12134417
-0.06511533
0.005000351
0.06247988
-0.083397545
-0.09487584
0.013387996
0.02641036
-0.03166681
0.055092577
-0.07347472
0.022394389
-0.095039144
0.11917399
-0.030056749
-0.15505213
-0.03841039
0.073927395
-0.17897937
-0.100467
0.12053531
0.014604637
0.14096151
0.07561123
0.0019718937
-0.0076063066
0.08424708
-0.016649947
0.10002211
0.034955513
0.09321996
0.077641144
-0.039408278
-0.0036087376
-0.15705572
0.054574132
0.014192878
-0.01140582
0.103001446
-0.10484625
-0.12603272
0.022087859
0.024996562
-0.050807945
0.10982655
0.024280468
0.031548806
0.08759758
-0.13946801
-0.022765087
0.086805895
0.08196703
-0.07318458
-0.0064304047
0.08158668
-0.1997563
-0.00315441
-0.0803057
0.08806913
0.05489465
0.10712905
0.12396899
-0.02660838
-0.06439954
-0.021914458
0.04481897
-0.019362949
-0.041478742
0.10017436
0.20722269
0.09855842
-0.020658068
-0.022455025
0.058850896
0.02617359
-0.025303142
0.081533626
-0.08352387
0.059644878
0.046361912
0.056370016
0.014640827
-0.030290917
-0.0058594365
0.014966135
0.079846635
0.033306222
0.06550869
-0.06747569
0.05833066
-0.001816032
-0.069260165
0.17413619
0.00807203
0.1324188
0.013032004
-0.0021491225
0.09059736
-0.05770087
-0.01999995
0.08914062
0.015948812
-0.034832217
-0.010476068
-0.1060381
0.04083661
0.18494928
0.1799971
0.013632896
-0.14858592
-0.008689247
0.0533637
0.044184957
0.043968413
0.0273535
-0.015796466
0.024070483
0.10235265
0.18132554
0.06969895
0.080420375
0.050091285
0.12976399
-0.000118376054
0.09497062
0.078590095
-0.06801878
-0.058557283
-0.018087752
0.06392031
-0.075271934
0.05993381
0.012086899
-0.021937875
0.06577006
0.039345663
0.022898657
0.056866642
0.018969076
0.036667228
0.04725913
0.092346966
0.075473666
0.114026606
-0.07348326
0.0714686
0.09075897
0.029262805
0.074641265
0.0069371173
-0.013527295
-0.0037102103
0.09579231
0.003664337
-0.017858546
0.08235683
0.045376286
0.08823924
0.03460711
-0.02979757
0.14166144
-0.01977998
-0.037609104
0.057856176
-0.1128419
0.011567233
0.02625126
0.0774378
0.012397615
0.050211553
0.19146611
-0.10908569
0.10001174
-0.020344995
0.112478584
-0.035314586
-0.03688291
-0.03408667
-0.0036026961
0.13041191
0.08465081
-0.0077272826
0.054911714
0.021081522
-0.1242671
0.07398303
0.14856596
0.09404466
0.03801113
-0.014788805
0.12159422
0.024401912
-0.11369431
0.004936041
0.08520038
-0.064990416
0.030830897
0.109632045
-0.00013102876
0.06849428
0.12786828
0.040264618
0.054731812
-0.05230992
0.07123595
-0.0031505271
0.09597667
0.02594596
-0.030322473
-0.037946112
0.010478971
-0.0042755175
-0.05075654
0.12389644
0.027405381
0.009794178
-0.02546417
-0.05548369
-0.017510481
-0.10507733
0.0049508368
-0.09212648
0.004570692
0.089039505
0.12018937
0.06385943
0.05414981
0.0713408
-0.027477238
-0.021020973
0.05352481
0.103616655
0.012380568
0.012500859
0.0340239
0.001940732
0.069875814
0.051226154
0.046576735
0.11034818
-0.14479096
0.12787646
0.06838408
0.061225314
0.042633653
0.11841568
0.024857188
0.073349714
-0.029967733
-0.016999288
0.21552692
0.007122906
0.07754928
0.09737819
0.014621911
0.15526903
0.17980684
-0.24546847
0.12843633
0.121007405
-0.00024088466
0.091225
0.0057219965
0.09045894
0.039469346
0.07425164
0.14745213
0.052049316
0.012651312
0.006525274
0.033534274
-0.055696744
0.048731185
0.017910583
0.042272177
0.018078834
-0.055200852
0.054243967
0.09785325
0.046812307
0.07297507
-0.0764603
-0.064529195
-0.011736445
0.10021664
0.06147468
0.043169092
0.10471862
0.018977782
0.098246746
-0.001960623
0.0020045883
0.10489166
-0.043396942
-0.016330695
-0.035167996
0.10308947
0.01781416
0.12838534
0.06984906
-0.08761968
0.14376856
-0.058264833
0.002170587
0.13477737
-0.15124427
-0.12323855
-0.09419591
-0.042619873
0.090650424
-0.0661492
0.12177516
0.05097557
0.06300279
0.05280111
0.03582808
0.0026615583
-0.03376415
0.005197397
-0.04298587
0.11071367
-0.051731154
-0.051635474
0.003501108
0.16783413
0.051779896
0.027458385
0.027554201
-0.014182452
0.07419137
-0.012156799
0.024719954
0.018225629
0.0017507278
0.078432314
-0.019852942
0.04094445
-0.022717949
0.09699182
-0.06970952
-0.060921066
0.10271172
-0.0028230315
-0.08734025
-0.057232793
-0.012852695
-0.1363605
0.16051067
0.037828617
-0.008550033
-0.043079652
-0.009951241
0.08530787
-0.05342883
0.1205993
-0.09445596
-0.027543455
0.13659811
0.035691716
-0.027937459
0.013891815
0.039287265
0.0026692122
0.04454692
0.117368326
-0.042072047
0.00033042717
0.07604486
-0.0017292113
0.082577124
0.066105194
-0.03324236
0.1642098
-0.07712587
0.088784724
-0.06872679
-0.007851207
0.048884902
0.055920705
0.001968302
-0.026261581
0.08158443
0.16810197
-0.013464125
-0.03266316
0.02567156
-0.05077173
0.092457324
0.05816532
-0.011388202
0.02011975
0.129875
0.096923366
0.033812772
0.26485452
0.0868845
-0.0567325
0.10386612
0.024844335
0.09646352
-0.062161867
0.06900844
-0.05632695
0.08778077
0.079229295
0.072546415
-0.025608236
0.07327235
-0.0538592
0.0011391499
0.229103
-0.0041466393
0.052185923
-0.009490747
-0.047062878
0.06011794
0.094546534
0.008142833
-0.04620745
-0.036547743
0.015917974
0.05327253
0.091236584
0.019489354
0.05974126
0.099831596
0.07690544
0.07847739
0.009660413
0.11072583
0.0075352173
-0.065937
0.086007066
0.10966335
0.0113120945
0.06534214
0.045370292
0.06840516
0.059769284
-0.0346986
0.03755679
0.011544225
0.05227454
-0.108758666
0.009705851
0.09506477
-0.15330851
-0.111728616
-0.03152924
0.041574456
0.090106264
0.009967292
-0.018660057
0.025258098
-0.09704695
0.02022381
-0.03075907
-0.113372244
-0.1700735
0.0053900233
-0.04978273
-0.033961203
0.029832995
-0.028714424
-0.08330909
-0.047169633
-0.16725771
0.02047134
0.019978795
-0.03928831
-0.041038543
-0.039841667
-0.20166326
0.037287265
-0.028844412
-0.032013457
0.04478502
-0.11119788
-0.036831073
-0.026675249
-0.028721258
-0.07412782
0.009301603
-0.011858506
0.031548493
-0.019731125
0.016012987
0.0038498875
-0.10544216
0.0048838053
-0.045154277
-0.08779041
-0.064876705
-0.038542006
-0.087239295
-0.15521605
0.071154565
-0.074300155
-0.15501359
-0.15894563
0.12406885
-0.11373815
-0.20058662
0.035886094
0.0051311012
-0.07934355
-0.024197862
0.119203374
-0.055063244
-0.020420872
0.11254856
-0.076137975
0.027089207
-0.004908628
-0.12849684
-0.0012382224
-0.021155892
-0.08184376
0.058002535
0.009693868
-0.07629766
-0.15599594
0.0780831
-0.06741693
-0.02410128
-0.09265832
-0.036845382
0.011262583
-0.13200262
-0.04079433
-0.073268816
-0.05634463
-0.107544474
-0.07311903
0.05938262
-0.15138806
0.09874738
0.012319429
-0.038481645
-0.0710473
-0.061796
0.052506603
-0.114538714
0.013196558
-0.11784596
-0.14010938
-0.19022113
-0.076827355
0.023527207
-0.160133
-0.022485916
0.05003812
-0.020527704
-0.1109578
0.016636215
0.06143534
0.02435019
-0.05856442
-0.078319386
-0.004240413
-0.06585842
-0.100245796
-0.09369416
0.05515505
0.11496071
-0.014458482
-0.050274182
-0.006257111
0.1047606
-0.096193224
0.026658783
0.03553917
0.0027594687
-0.097387806
0.041587543
-0.04888274
-0.0272023
0.06180085
0.042076655
-0.07830894
0.025009423
-0.14083263
0.14493789
-0.01749971
0.050461143
-0.038277607
-0.014345652
-0.061188083
-0.1063355
-0.09229958
-0.008819376
-0.032735344
0.042587105
-0.09541993
0.062343292
0.013020054
0.27352262
-0.042155176
-0.0805279
0.0027627056
0.0047922526
-0.15146303
-0.1234192
0.062485468
-0.059719518
-0.100760445
-0.031523556
-0.02523174
-0.0032215368
-0.10031112
0.021297758
-0.057927847
-0.036176294
-0.14486647
-0.056465622
-0.015108937
-0.16449104
-0.07235945
0.0031649866
0.05152154
0.0026872575
0.021243747
0.0065653697
0.0064779352
-0.13551602
-0.0996796
0.04294069
0.01468653
-0.055517115
0.04453375
0.081436865
0.028777363
0.07313396
-0.17869586
0.15592514
-0.17416918
-0.13085604
-0.02844986
-0.033130262
-0.019233042
0.026287368
0.14302859
0.05433373
0.004907705
-0.0021221288
0.11408202
-0.12674454
-0.06570292
0.025333839
0.0048166695
0.027066488
0.10971003
0.020679237
-0.1013375
0.099823005
-0.050985754
-0.1002008
0.054918256
-0.23682448
-0.13004436
0.14624429
-0.04009301
-0.013374465
0.015987122
0.083326474
-0.14604463
-0.038137108
0.005513038
-0.10207787
0.037136387
-0.004151203
-0.0033560893
-0.034671105
-0.09295198
-0.026740849
-0.071675315
-0.109603256
0.019526808
0.043887865
-0.08812232
-0.06325654
-0.061314013
-0.074846685
0.049293928
-0.18699148
0.14937547
-0.006834579
0.0038914124
-0.01337243
0.033256292
-0.0040564123
-0.2585043
0.0029873643
-0.055828813
0.049905244
-0.095621966
0.085596345
-0.101109624
-0.052876912
0.04700388
-0.1275746
-0.017211415
-0.0040541333
0.08798023
-0.11109601
0.06921309
-0.007662165
-0.08206063
0.09931578
0.081281915
-0.033791497
0.13026614
0.21090019
-0.06676435
0.053824186
-0.10610296
-0.09580689
0.016469248
0.04853317
-0.03316645
0.055590894
0.079348795
0.00028686493
-0.11616017
-0.05937893
0.0008131818
0.060932193
-0.06222663
-0.07240227
-0.09660385
-0.00779775
-0.16791208
-0.2841319
-0.07679622
-0.028249951
-0.009089887
-0.06226717
-0.19035877
0.00966
-0.016873535
0.05717952
0.034758758
0.039303865
0.05194177
0.07930425
-0.13489296
-0.14362659
0.08241245
0.03268872
0.052043397
-0.069864154
-0.024764474
-0.09420262
0.055455185
0.03928129
-0.051267035
-0.0817095
-0.088713035
0.037534364
0.052879892
-0.0958112
-0.087231636
0.008856389
-0.088946536
0.042867865
-0.0967943
-0.11876454
-0.099236
-0.032394435
-0.0074420352
0.057314415
0.054588336
0.035900287
-0.052195013
0.12669474
-0.20477301
-0.14360242
-0.16234949
0.005328627
0.013273271
-0.009882383
-0.10368153
-0.082472734
0.031848826
0.06294968
0.14067957
-0.016582383
-0.018970128
-0.01709084
0.1360081
-0.10279674
-0.017322786
0.115796335
-0.04139156
-0.064440824
0.009122983
-0.06507611
0.025145832
0.12223659
0.015025484
-0.01716981
0.044929884
-0.23051272
-0.1293116
-0.046047635
-0.08170013
-0.03559386
0.06615793
0.078520015
-0.054710377
0.039446235
0.044594888
0.041355237
-0.011127264
-0.085390955
-0.09556932
0.07831476
0.03395845
-0.08445836
0.057705607
-0.039966952
-0.025247285
-0.09125274
0.030084707
0.03167184
-0.048311662
-0.13164482
-0.05418528
-0.14405945
0.04716107
-0.024926016
-0.15471408
-0.037133224
-0.063737616
-0.058884595
-0.06253219
-0.03617035
-0.1663717
-0.07280726
0.01780536
-0.013192713
-0.07404916
-0.019147495
-0.058466353
-0.014369493
-0.026896248
-0.023884043
0.02312415
-0.06962068
-0.05001845
-0.16565076
-0.053523906
-0.03733183
0.1007591
-0.084282696
0.026915494
0.15752435
0.021098884
0.025028346
-0.08195652
0.027670002
0.072302155
-0.018828953
0.014415057
0.11659348
0.08645126
0.010437963
-0.018369636
-0.07492637
-0.001538539
0.029193481
0.08710339
-0.09265062
0.06254733
-0.05021902
0.038687795
0.04588769
0.04202463
0.12604298
0.035388988
0.01427146
0.11373081
0.03795539
0.011978422
-0.08435619
0.054651976
0.053172436
0.11070636
-0.015997397
-0.03531134
0.112080164
-0.003309528
0.10957223
-0.09595151
0.09874389
0.124970056
0.10720864
0.026099788
-0.059944592
0.11055473
0.062021986
-0.07378954
0.14375995
0.021517105
0.049851935
0.116606444
0.10064444
-0.016629491
-0.001146749
0.15925609
0.11312066
0.008265072
-0.026736254
0.0125383595
0.056003995
0.116989344
0.11489168
0.12452548
-0.048760064
-0.007836982
0.096560575
0.006267092
0.086360164
0.15012771
0.063396245
0.15258728
0.0314754
0.018714044
0.077168286
0.13839233
-0.09683179
0.05657788
0.036747612
0.12164994
-0.11401861
0.033400323
-0.006480949
-0.028833766
0.075563386
-0.012044059
0.056422543
-0.07145613
0.0012763364
0.06360486
0.070227616
-0.055661254
0.059940863
0.0985526
0.1288616
0.06768698
0.056466397
-0.027039528
0.06601287
0.047117315
0.07677665
0.05581629
0.12053181
0.07485589
0.05750492
0.14451414
-0.019379053
0.16110304
0.09139586
0.0418868
0.069191314
0.018381378
0.05429006
0.042681627
0.060074568
0.12600204
-0.1367937
0.09071258
-0.06427471
0.010444889
0.059141118
-0.15297158
0.0514505
-0.053315397
0.063118204
0.022210345
0.0044903904
0.016159626
0.059606314
-0.034681473
0.08068046
0.10974257
0.2420295
0.0106840655
0.087161295
0.0093183145
0.021617342
0.02339892
-0.033584658
-0.009354871
0.038238704
-0.031192217
0.11512402
-0.038884535
-0.012414638
0.039181933
0.019060941
0.03033637
0.07818335
0.108182535
0.16324936
0.15908118
0.042664185
0.008914143
0.058544803
0.13958125
0.10366627
0.1175398
-0.0071706707
0.11745183
0.09680295
-0.13583922
0.016683167
-0.005058086
0.061204635
0.02458517
-0.026247494
-0.08856577
0.10538905
-0.0018289696
0.058584027
-0.054065492
-0.19081718
0.16094461
0.00044742483
0.029346434
0.05682265
0.059023984
0.0066381074
0.070492215
0.10127669
-0.051650457
-0.03854282
-0.06523859
-0.01839687
0.001308323
0.10872671
0.069585375
-0.08893467
0.013615354
0.11251609
-0.06838157
0.08691543
0.015840432
0.14622588
0.07777032
0.092976086
-0.041175365
0.12450265
0.13405271
0.13158691
0.050727613
0.06644132
0.037378907
0.07809248
0.10203608
0.08959181
0.061393015
0.036921114
0.008554335
0.23083444
-0.037838016
-0.012521974
0.17392583
0.15780358
-0.08359318
0.13688318
0.10548768
-0.030167827
-0.13454796
-0.09250866
-0.06484941
-0.1035872
0.00023512899
0.038326565
-0.021503532
-0.042809814
0.09378049
0.1303413
0.055639874
-0.016832875
0.0028793633
0.0077323453
0.016367856
0.068220116
-0.05831451
-0.03493133
-0.037660033
0.21212158
0.10536526
0.10412981
0.14140362
-0.09545437
0.13253896
0.1231919
0.06486782
0.049674086
0.06630126
0.17729999
-0.01236034
-0.041539412
0.043265328
0.12963246
0.080807485
0.07122249
0.05139386
0.023038324
0.063984185
0.0815184
0.020329693
0.06273606
-0.032284953
-0.034359246
0.03406819
-0.005060079
0.055759113
-0.051315024
0.14249758
-0.18087144
0.010164883
0.06768919
-0.061365645
0.088413775
0.1333525
0.035614222
0.017556356
0.17803733
0.049940698
0.0035936392
0.010697932
-0.026549522
0.090289496
0.04292016
0.09760652
0.0073328353
0.13592789
0.09274339
-0.029046722
0.066634044
0.05972023
0.0052649733
0.04438818
0.18484564
0.08957841
0.1042881
0.23192835
0.16284367
-0.0091013415
-0.042934943
0.062121164
0.1211596
0.05405986
0.10296745
0.05865757
0.13542597
-0.11166705
-0.0003084459
-0.19147502
0.05160713
0.12716638
0.026467731
0.10129811
-0.0491805
0.1977707
0.12112192
-0.054742843
0.14264415
0.15757944
0.09034185
0.2549163
0.021217171
0.11983246
0.06679836
0.04407839
0.047989484
0.0150978
0.07776235
0.0075407987
0.10311202
0.08260062
-0.008188389
0.022065805
-0.0021260264
0.035325136
0.13829602
-0.049762506
-0.03247818
0.09963526
0.034342404
0.03381357
0.12324713
0.07004914
-0.0057460116
0.18596858
0.1771339
0.13590582
-0.0037825203
-0.097167104
0.09001106
0.08981031
0.0708434
0.13640295
0.006137837
0.15574297
0.16883409
-0.019649563
0.12714253
0.0707049
0.035887167
0.017907327
0.0055858884
0.1629786
-0.0026472053
-0.13787529
-0.04782367
-0.018533062
0.025606371
0.092671044
0.06331381
0.11709599
0.07157261
-0.03194344
0.022540275
0.12238841
0.12723929
0.016527908
0.12515426
-0.0023678
0.070631966
0.00352995
-0.010911206
0.061669223
0.09182177
0.027688831
0.05470194
0.008428622
0.03851244
0.10993608
0.12358677
0.11264396
0.0010132581
0.15125787
0.18769692
0.005299352
-0.02782946
0.09453359
-0.010917514
0.04367236
0.07525916
-0.003807554
0.06608887
0.13195735
0.039713535
0.06812566
0.039640862
0.052507322
0.061480634
0.05587687
0.1857957
0.07201195
0.16418989
-0.07882717
0.0769151
-0.021336248
0.008877914
-0.035369847
0.030247532
-0.016449986
0.13950069
0.010995617
0.21424025
0.13983023
0.027127651
-0.03125715
0.06946441
-0.034066506
0.100334264
0.07314837
0.09585024
0.10330627
0.02632062
0.05216828
-0.04561452
-0.0072682993
0.076176755
0.08333282
0.19329372
0.010790168
0.060070142
0.23166773
0.13085122
0.13707118
-0.03926446
0.044814143
-0.015667154
0.04230475
0.06258219
0.04169025
0.07808625
-0.019470273
-0.044135027
-0.17969191
0.12193235
0.0034868978
-0.17205967
-0.10011386
-0.1887746
0.007214311
-0.07427062
-0.12601031
-0.12632975
-0.10186946
0.07061544
0.09386448
-0.061379425
-0.11440434
-0.04510084
-0.19805115
-0.1512837
0.086284444
-0.01130916
-0.110289946
0.080666006
0.043010276
0.071565926
-0.0013261246
-0.09591404
-0.0028403075
0.07304403
-0.0022871213
-0.009946691
0.21597885
0.16308984
-0.14818244
-0.024612177
-0.06676014
0.17435367
0.19204618
-0.06544077
-0.15801074
0.020084936
0.20267813
-0.101507224
0.05856431
-0.017748432
0.01907921
0.2273739
-0.022642951
-0.17394364
-0.05246783
-0.07300241
0.022343917
-0.15771025
0.08659437
-0.031688783
-0.047230057
0.095776826
-0.14750002
-0.095312655
-0.09113607
-0.059332017
0.18517804
-0.07665044
-0.00013663898
-0.003727253
-0.006617388
-0.104961656
0.053486604
-0.030217515
-0.048325893
-0.058252476
0.16567816
-0.10065405
0.003489956
-0.06258937
-0.1513353
0.06623115
0.04728877
-0.17336482
0.20134749
0.1827743
-0.15579349
-0.07553836
0.09469303
-0.08315968
-0.0066433023
-0.043600857
-0.11457637
-0.12129278
0.048355184
0.009932677
-0.047328904
-0.10480426
-0.09845783
0.30432454
-0.12480464
-0.12553498
0.014137783
0.058852203
-0.18804842
-0.008831738
0.015579092
-0.048072435
0.0045919437
0.14212266
0.15450564
-0.21902174
-0.14762227
0.123611085
0.14756617
-0.046612866
-0.10781536
0.10158911
-0.06831866
-0.041322634
-0.08085492
0.010128208
-0.09063642
-0.10151968
0.014396155
-0.018685773
0.012712811
-0.043215714
-0.048300467
-0.034044992
0.003091496
-0.08814572
0.020340048
0.25913104
-0.034041457
-0.20527875
-0.047764268
-0.005197834
0.047814988
-0.06325328
0.038856685
0.076784
0.13681206
-0.14061831
-0.051579308
0.031516522
-0.016988842
0.12983015
-0.2395838
0.11069738
-0.16722
0.047433455
-0.055026878
-0.08649643
-0.106806
-0.07846036
0.15815717
0.022275086
-0.12583429
-0.10026787
-0.15741605
-0.10808306
0.020907672
-0.1780485
-0.14822909
-0.017631523
-0.11201617
-0.15119076
0.09679461
-0.08345644
-0.025852423
0.23200116
0.029321747
-0.061277144
-0.09768
-0.043040004
-0.16201742
0.066969834
-0.0065091206
-0.022774298
0.11501645
0.14013162
-0.14383155
0.110373035
-0.12647162
0.15766256
0.20704886
-0.0031201951
-0.21690986
0.064847134
0.07989674
-0.029908605
-0.10666582
-0.102431975
0.09200791
0.127496
-0.21402498
0.056937512
-0.13266733
0.10839659
0.005863027
-0.041638333
-0.047605623
-0.06869015
0.060835455
-0.02027179
0.073107235
-0.0596332
-0.076775245
-0.022757815
0.11952251
-0.050945427
-0.0823042
-0.05520553
-0.12162635
-0.14043334
-0.11346606
-0.12516874
-0.111712374
-0.094079636
0.11037452
-0.022258205
-0.0061807786
-0.0059582433
-0.07849119
-0.0069324886
0.05252685
-0.05347859
0.23889174
0.14739455
-0.06607738
-0.0025370133
-0.064358465
-0.15183243
-0.01666477
-0.15456875
-0.101521805
-0.073892295
-0.028512988
0.09941689
-0.023270106
0.0232098
-0.19702472
0.33064827
-0.12823975
-0.037322473
0.04709807
0.030322565
-0.118276015
-0.10151527
0.08872939
-0.052666433
-0.02011439
-0.05013296
-0.10995301
-0.15775943
-0.00995393
0.07686565
0.23578055
0.034397967
-0.06270808
0.13294816
-0.08652626
-0.13632879
-0.075342506
-0.05235883
-0.043237418
-0.09871883
0.024640767
-0.05199119
0.07997918
-0.16072677
0.0016067198
-0.035890013
0.049468227
-0.011949413
0.14484493
0.25354663
-0.035387356
-0.13343336
-0.02410534
-0.14911848
0.0181797
-0.093720116
0.05073798
0.09675994
0.05744884
-0.19091809
-0.07822704
-0.06559016
0.023195425
0.15221746
-0.113732174
-0.0954952
-0.05649908
0.057027757
-0.14729494
-0.13369034
-0.045413718
-0.13112253
0.24714077
-0.09619125
-0.058406185
-0.055939414
0.0060403314
0.0818716
0.0849957
-0.16372098
-0.15220681
0.055940237
-0.08841729
-0.09481077
0.000990133
-0.034025133
0.052628297
0.074477226
0.04698207
-0.085764155
-0.041764498
-0.17028655
-0.021433737
0.14520544
-0.08174275
-0.13210435
0.23118892
0.18556231
-0.106303096
0.067277476
-0.12387795
0.078630604
0.06329741
0.051015276
-0.12824781
0.1406814
0.24738017
0.0068348595
0.04174899
-0.1268452
-0.07975001
0.10769096
-0.13207313
-0.11945619
0.037125323
-0.04727364
-0.1556277
-0.022056153
0.13314682
-0.18690924
-0.11346845
-0.048959505
-0.05827882
-0.22373818
0.015322842
-0.032348853
0.005033026
-0.1221968
-0.115041345
-0.016222807
-0.10096182
-0.11828538
0.039656583
0.023996776
0.00842683
-0.0851787
0.106561325
0.0015479085
0.067483775
-0.09955943
0.034165118
0.061097115
0.14356807
0.01964732
0.0934702
0.15559527
-0.16936204
-0.020629754
0.051578265
0.01810193
0.008635868
-0.024523517
-0.0093090655
0.10921364
0.13624966
0.023359925
-0.011082455
-0.0070557883
-0.0697273
0.32024485
-0.14538771
-0.0030251578
-0.13243374
0.07789614
-0.0052306917
-0.18295524
-0.0477013
-0.016354704
0.021125456
-0.09704076
0.0024877477
-0.13623202
-0.131499
0.08802816
0.025302056
-0.07159967
-0.076298445
0.09421228
-0.05054963
-0.15966803
0.024977487
0.015878215
-0.043253783
0.042713158
-0.068833575
-0.025122818
0.06769375
-0.23427111
-0.1078548
0.007270679
0.01168535
-0.08228347
0.15000407
0.21046668
0.036896612
-0.22021993
-0.05167011
-0.03019363
0.046721436
-0.10770948
0.07970046
-0.049715172
-0.028625384
-0.06920774
0.006516274
-0.075680226
-0.13404037
0.07976911
0.09300169
-0.110790804
0.0612189
0.026183054
-0.09629126
0.08137805
0.09567758
-0.0753743
-0.10576507
0.017393487
-0.11119104
0.046671633
-0.2478593
-0.2402951
0.021683605
-0.111026704
0.106471896
-0.0030081773
-0.049050294
0.035017226
0.03192403
0.09436707
0.008135266
0.0065046614
-0.007997044
0.06407201
0.04328827
0.019224389
-0.05307117
0.19681734
0.041574746
0.12415414
0.038404692
0.047596958
-0.0461931
0.030350666
-0.014976793
-0.02293864
0.08927769
0.039418124
0.03575784
-0.030057209
0.021794334
0.06087869
0.02264883
0.0059345705
0.0697266
0.035233077
0.09418643
0.078501664
-0.05802579
-0.07252275
0.10024242
-0.0016004307
0.12580892
0.10007188
0.078882195
-0.044067904
-0.0064067114
-0.085411705
0.019211283
-0.21756902
-0.029978452
-0.011621449
0.09275613
-0.0316218
0.10369111
0.14014557
-0.0042563304
-0.009302502
0.08989294
0.0151043385
0.0067475312
0.092500724
0.01589483
-0.0506313
0.073146075
0.0073599885
0.062129628
-0.0535173
0.16803291
0.18904012
0.08688789
0.06814015
0.07424871
-0.0010306581
0.030393193
-0.026998598
0.07822435
0.12364619
-0.012079349
0.13516128
0.076750375
-0.008338261
0.11964867
0.19321652
0.041015163
-0.08475077
-0.094822705
-0.07102026
-0.08524311
-0.02309
-0.02616888
0.05727674
0.118972
-0.07307224
0.08770171
-0.046882436
0.015007896
0.025269886
-0.106055476
0.118599184
-0.03385062
0.029133823
-0.005305683
0.14246374
0.13341315
0.021740034
0.022350335
0.081959076
0.05867096
0.09986678
-0.023465777
0.104738936
0.07496573
0.011589529
0.1214952
-0.059213117
0.23049964
0.26357973
0.019271502
0.09634893
0.17192708
0.13763139
0.1442536
-1.855004e-05
-0.067978166
0.15872605
0.043253973
0.1486633
0.012798486
-0.01986562
0.06937511
0.30261227
-0.06537989
-0.009448327
-0.0379895
0.042654496
0.088370055
-0.04697336
-0.037573457
0.02514177
-0.03412819
0.05282321
0.16071856
0.029231252
0.107207686
0.008915792
0.0327484
-0.056552056
0.010675554
0.038472388
-0.03864449
-0.028885966
-0.008328765
0.062885575
0.025943596
-0.024390878
-0.04545566
0.00046793892
0.038379308
0.034209955
0.022575624
0.18183346
-0.054871023
0.03207683
0.13680503
0.045505654
-0.069023535
0.15687136
-0.013458866
0.014664782
0.0469843
0.11100199
-0.0023367142
0.07859098
-0.0719459
0.053644232
0.015682986
-0.09097147
0.121443965
0.06833671
-0.07305853
0.031924162
-0.07058408
-0.06299265
0.08229451
-0.120675
0.23581024
-0.13572879
0.090973
0.056274995
-0.051258963
0.024963278
-0.04224826
-0.04985302
-0.08812997
0.05489324
0.06060417
0.045127522
0.08352352
0.06004662
-0.014166092
-0.03120758
0.08325529
0.10480718
0.01269437
0.04669995
-0.026356
0.09769212
0.11019746
0.031454932
-0.0038888212
0.05934272
0.16349624
0.20404084
0.11743964
0.1333375
0.068494886
0.02531536
0.08280828
0.010790849
0.049525455
0.08433993
0.004947805
0.090036936
-0.002395818
0.018260026
0.13227062
0.15114205
0.06704134
-0.07461559
-0.20104371
-0.119891815
-0.04163107
-0.033556364
0.022664724
-0.079862334
-0.028861327
-0.022387091
0.11012433
-0.10319059
0.0647856
-0.038999308
0.010099908
-0.0008035244
0.008793856
0.10062356
-0.06553351
0.09798769
0.14412169
0.06711213
0.022587674
0.095409974
-0.030725399
0.008831303
0.0289803
0.03697274
-0.03235215
0.0790945
0.08687338
0.03063209
0.04984917
0.14954025
0.114430256
0.23996708
0.06648938
-0.0074011465
0.14971972
0.09134711
-0.0895363
0.15004244
0.11192495
0.14459051
-0.043848764
0.069517374
0.08675761
0.28630018
-0.055612713
0.04576911
0.13442965
-0.20351192
0.053356923
-0.058002036
0.126405
0.0031080553
-0.13293281
-0.024849853
-0.0137640145
0.053379692
-0.013329513
-0.06168927
0.033734433
0.06368471
0.098204404
0.07056343
0.008375129
0.02143358
0.0005427233
0.103945665
-0.06981308
-0.045644525
0.08596925
0.042699996
-0.011217474
0.06126229
-0.013823125
-0.040138196
-0.02291569
-0.00039970214
-0.015885806
0.06732266
0.08920353
0.036729056
-0.00047081793
-0.04684913
0.05722513
0.002910822
0.077270836
-0.0691181
0.060197808
-0.03698041
-0.0009940255
-0.056119066
0.037794817
-0.03589709
-0.062175248
-0.11616991
-0.16822116
0.0005911026
0.05156444
0.094839916
0.049091827
-0.043169748
-0.09656595
0.05507002
-0.14044143
-0.12500794
-0.09286387
-0.1538062
-0.07064221
-0.0039514126
0.069001056
-0.025168251
-0.03151415
0.16914546
-0.038214646
0.05352988
-0.06557057
-0.038452636
0.027409444
-0.0348061
-0.021068484
0.017014647
-0.046971627
0.04912299
-0.016076619
0.034940716
0.11708227
0.18493238
-0.044336293
0.14051878
0.0033483128
0.14676887
0.08313855
-0.053444393
0.01680288
-0.06293092
0.112704605
-0.002057497
0.062351987
0.106313676
-0.004400679
0.10102835
0.08176507
-0.014411295
-0.06986654
-0.018007547
0.009297263
-0.21130265
0.077498175
-0.026383083
0.108574614
-0.09969746
-0.05014485
-0.1239501
-0.05179204
0.0463329
0.07846927
-0.03989763
-0.03185443
-0.023942234
0.009915049
0.20297222
0.01014842
0.07134591
0.07398089
-0.024513163
0.047760896
0.059021905
-0.018842086
0.14028676
0.09904891
0.040549595
0.07835212
-0.083468854
0.078272164
0.11734067
-0.0052378313
0.20699844
0.10944546
0.12657334
0.09560905
0.063008316
-0.06349984
0.16279809
0.034897752
0.051394694
0.11163729
0.02713417
0.09983864
0.23024535
-0.0591091
-0.13656388
0.0027791031
0.069367036
-0.18965109
-0.12534948
0.024431653
-0.060870614
-0.027581621
-0.13773288
-0.18759009
-0.022323145
0.024961933
-0.093455695
0.030021971
-0.086561844
-0.118083805
-0.14196378
-0.0005596823
-0.16923468
-0.063112356
0.011698112
0.013083096
0.11233572
0.09346338
-0.051007167
0.0896395
-0.08203314
-0.14786498
0.16447377
-0.12586197
-0.09178948
0.07379964
0.10440254
-0.17256396
-0.14729959
-0.02866488
-0.20859793
-0.14112999
0.069530495
-0.081696436
-0.023408987
-0.15414575
0.13297352
0.045787003
-0.15687165
-0.019003846
0.122789696
-0.14092559
-0.0403262
-0.090084694
0.06926707
-0.043082003
0.01002987
-0.17088199
-0.04726789
-0.26558998
0.06264982
-0.09214791
0.024842815
-0.0776396
-0.07239536
-0.04179969
-0.096828766
-0.11885792
-0.1072007
-0.040046427
-0.0928136
0.11493665
-0.0051798304
0.019256419
-0.013954974
-0.012164167
-0.0090053845
0.109396376
0.0031744326
-0.037097383
0.09127509
-0.015119995
-0.10491744
0.18545114
0.025305161
-0.22179878
-0.07600888
-0.028983928
-0.25037885
-0.06375342
-0.028852224
-0.14006162
-0.018028898
-0.19190973
-0.014261048
-0.11198342
-0.12082439
-0.0706023
0.05676307
-0.0045130253
-0.078509435
-0.17091058
0.12909369
-0.11790652
-0.19559409
-0.059757292
0.06143171
0.07268455
-0.14440833
-0.10393789
-0.07512602
-0.054619383
0.13298148
0.024665551
-0.23784728
-0.1718507
-0.13166687
-0.01771176
-0.04905077
0.120157406
-0.12493811
-0.08045586
0.183799
-0.061951473
-0.046157487
-0.090568654
-0.08781023
-0.07723765
0.16729175
0.14007156
-0.14447618
0.166782
-0.102343015
-0.26916575
-0.08032057
-0.108582154
-0.06028155
-0.059038162
0.0449228
-0.14381024
-0.123709574
-0.13078758
-0.11487897
-0.08974094
-0.24282755
-0.113540635
0.08689955
-0.13949797
-0.03054114
-0.064597085
-0.0514849
-0.07974146
-0.17285265
-0.013704364
0.016234146
-0.06746571
0.0984054
-0.25345388
-0.06907198
-0.038296286
-0.03799557
-0.016657313
-0.11461058
-0.018231897
0.065158695
-0.12681945
-0.11531996
-0.03783464
0.06311522
0.011372705
0.10766198
0.0734115
0.036150254
0.08487815
-0.078525655
0.02765312
0.10636636
0.012310776
-0.081789844
0.06599654
0.039512847
-0.1324723
-0.13231975
0.08575657
-0.1469903
0.018230503
0.07999921
-0.06944413
0.00017559144
0.028872287
0.20481913
-0.008386899
-0.15727814
0.06471915
0.08112769
-0.0069520315
-0.13677959
-0.07198888
-0.12180864
-0.10771246
-0.17334533
-0.20962794
-0.1318335
-0.017239507
0.12479847
-0.046514925
-0.08986013
-0.14295991
-0.020324016
-0.08980193
-0.09517727
-0.068354
0.08127962
-0.07635287
0.0032063224
0.17529848
0.015819132
-0.11829814
-0.04506737
0.09684195
0.026011629
0.16617486
-0.021447238
0.004936133
-0.049689557
0.15135786
-0.11761819
0.19391388
0.119589545
-0.20056142
-0.12349278
-0.03302581
-0.14912632
-0.13137202
-0.10599369
-0.080463365
0.04521478
-0.032392684
0.0711525
-0.054502595
-0.14817438
-0.13655041
0.11541373
-0.0033530348
-0.19647336
0.15468448
0.10377214
-0.24375877
0.058277544
0.09546861
-0.21841277
-0.13294515
-0.01770647
-0.033995993
-0.11112901
-0.22633135
-0.056245536
0.18310256
-0.21705289
-0.08724509
0.085616775
-0.14485346
-0.006879416
0.16778345
-0.16224448
-0.14760853
0.19408724
-0.08640111
-0.026768206
0.091791876
0.008365092
-0.14355566
0.0057169716
0.19414993
-0.013747757
0.2431339
-0.015212395
-0.10849973
-9.335056e-05
-0.13765922
-0.16997753
-0.033316474
0.16000012
-0.14728612
0.060985092
0.04021732
0.00079285726
-0.02712566
-0.18699673
-0.112928644
0.08922983
-0.17244299
-0.20763029
-0.112489946
-0.041255914
-0.10444643
-0.16608368
-0.014469753
-0.06748305
-0.06759184
-0.011327882
0.08106578
-0.06674685
-0.17855617
0.15486684
-0.12717406
-0.00095025625
0.02562456
0.028216654
-0.0039448137
-0.12054082
-0.07276648
0.12123519
0.03117818
0.0783869
0.1083087
0.02753883
0.12331815
-0.022760557
0.046740256
-0.023039008
-0.049417283
0.017954199
0.17660448
-0.09304718
-0.15311003
-0.050730452
0.020200763
-0.15648262
-0.059729468
-0.010059724
-0.14311999
0.08635094
-0.04632989
0.062958255
0.05719052
-0.11679603
0.15847446
-0.08114088
-0.10094096
-0.11787757
0.012497306
-0.09714767
-0.05431576
-0.0806395
-0.058497228
-0.0016980579
0.05686864
-0.054842956
0.027014563
0.10265891
-0.14803143
0.16363718
-0.12871277
-0.11650137
-0.026770564
-0.0626208
0.009756031
-0.14117178
0.101469934
0.06862489
-0.028874662
-0.07417042
-0.026442459
-0.117163576
0.10748334
-0.037444662
-0.065769285
-0.10278538
0.09334222
-0.16323951
0.08158992
-0.006214163
-0.11113965
-0.026517048
0.026696615
-0.1419653
-0.15837961
-0.066726975
-0.06861371
0.058630016
-0.19689196
0.13733636
-0.041277915
-0.06160122
-0.08525488
0.007835729
-0.21832517
0.016702829
-0.09685457
0.05761057
-0.013624031
-0.18983604
0.13278632
-0.18961611
-0.15310034
0.020899791
-0.12470652
-0.10587918
-0.18832861
0.032902725
0.057662725
-0.2032271
-0.07370316
-0.09589871
0.008005633
-0.050330162
0.06664247
-0.017017277
-0.1432444
0.122288205
-0.07702605
-0.021350425
-0.014853442
-0.12419832
-0.19874585
-0.036611635
0.14486575
-0.14391734
0.05155124
0.095643155
-0.15623046
-0.034358732
-0.13117115
-0.009212645
-0.05767293
0.059347477
-0.20356967
0.03075931
-0.0459787
-0.04596634
-0.05222598
-0.21730122
-0.14954057
0.058775228
0.02159486
0.007362595
-0.03696839
0.14660184
0.050875083
0.047000334
0.07289232
0.14723325
-0.14570175
0.03141591
0.122254536
0.044240594
-0.013313085
-0.020992361
0.082375914
0.062310062
0.06981619
-0.04490525
-0.037462797
-0.03672694
0.014293026
0.061587766
0.010060236
0.08164859
0.076878674
0.06958518
0.061071604
-0.06553004
-0.004690988
0.14121288
-0.04657844
-0.007610824
0.029593557
-0.09359383
0.025481202
-0.033569038
0.013628728
-0.059981745
0.021819249
0.06281943
-0.0900212
0.039937545
0.08670947
-0.06398136
-0.04406018
-0.075387746
-0.004810735
0.028831389
-0.03132691
-0.20533013
-0.079760075
0.08634353
0.12474053
-0.07493268
-0.02426356
-0.14528626
0.09683533
0.19497114
0.011896132
-0.07152507
0.0083321985
0.016102763
0.025274536
-0.08263708
-0.07625637
-0.0137084145
0.029230183
0.04797066
-0.046292674
0.02528324
-0.024456572
-0.041737616
0.105513275
-0.02987481
0.02108578
-0.1118831
-0.0021592278
0.11079676
-0.07777586
-0.07641885
-0.040063877
-0.0570396
-0.016393052
-0.05254061
0.04100917
0.03526384
-0.0064618844
0.10906481
-0.043629076
0.09757688
-0.033618078
-0.111421384
0.039793525
-0.015156867
-0.002418841
-0.10134405
-0.040846676
-0.021991432
0.024617175
0.0198065
0.04599809
-0.2501445
0.032702096
-0.053742163
0.11518173
0.19734508
0.14859828
0.12982413
-0.02089176
-0.009820815
0.016455777
0.026272645
0.06305285
0.08178976
-0.02296567
0.0049912343
-0.02229932
-0.015105394
-0.03999055
-0.049928013
0.10280809
0.043160137
0.087031096
-0.0702683
0.014231592
-0.037147824
0.022079825
-0.004249052
0.10243392
-0.103802375
-0.014461733
0.026891593
0.013703273
-0.074624486
0.0776688
0.09769715
-0.050059382
0.13790163
0.06426269
-0.009423636
-0.068110555
-0.025170162
-0.017123416
0.008975625
-0.04687868
0.0012279011
0.13213925
0.13222456
-0.016353846
0.09440293
0.13262503
-0.19865552
0.0038706071
-0.035505496
0.11521063
0.09191463
0.009877928
0.13303708
-0.006281809
0.06328215
0.020189473
0.07233906
-0.058984295
0.005819405
0.10921727
-0.049354095
0.053030312
0.10127988
0.1486789
0.063819416
0.11999729
-0.0851428
0.01594067
0.18863212
0.049419
0.058538955
0.04450606
-0.11422681
0.00941425
0.047682688
0.052476466
-0.011862986
-0.0065938034
0.035567153
-0.032865137
-0.052382387
0.08152605
0.09567331
-0.030930033
0.04240462
0.035539445
-0.049659256
-0.2021794
0.16258375
0.04152937
0.0013665486
-0.01684357
-0.12697175
0.0009831559
-0.0160801
0.1259232
0.022599086
-0.034712963
0.019180754
0.0239111
0.081975795
0.11062041
-0.07045336
-0.073763154
0.12452069
0.0025779787
0.04494622
0.031902745
-0.09654767
0.042364992
0.12321313
-0.030647987
-0.015028676
-0.027822355
-0.073192105
-0.081972584
0.034843106
-0.04843479
0.0341567
0.03684327
-0.018385448
0.025312787
0.033839718
-0.11830775
0.06421774
0.06670768
0.081892006
-0.07255573
-0.06217005
-0.0054071825
-0.02912696
0.042142976
0.024472114
-0.009499604
0.038878564
-0.062461924
-0.015484831
0.0040842895
0.00906256
-0.015436876
-0.037367146
0.027857047
-0.076473154
0.07352577
0.05762474
-0.01775054
-0.06267943
-0.08687631
0.067626014
-0.038818274
-0.05810256
-0.027009007
0.07953326
-0.058485065
0.046573866
-0.042617194
0.032717224
0.023248574
0.012922868
0.09898739
-0.0105909845
0.0015208162
0.01591042
0.07381284
-0.04381084
0.049774542
0.08579752
-0.015213981
-0.011333874
0.042668637
-0.0045523983
0.03140605
0.06358728
-0.059613016
0.19139314
-0.05558627
-0.046012357
0.1256005
0.015391939
0.04692592
0.06784852
-0.015540366
-0.081078954
-0.12093642
0.10566897
-0.04446412
0.14957182
-0.14873874
-0.10307333
0.18411663
0.050143152
0.090686664
0.2448182
-0.047265768
-0.09189422
0.092649676
-0.018990226
-0.079173975
0.0107455645
-0.066473715
0.037889887
-0.07066263
0.109142736
-0.03140991
-0.009593664
-0.023501653
0.044143863
0.025133388
0.07532806
0.08897279
-0.0038789315
0.026283542
0.17131616
-0.071376175
0.058258533
-0.003953587
-0.047861345
0.08694476
0.057258006
-0.0025510902
0.0020135387
-0.022592375
0.11475892
-0.0015366299
-0.14318901
0.06454336
-0.043418963
0.058873013
0.061815068
-0.07960685
0.074130386
-0.016573576
-0.036505446
-0.022859234
-0.035633754
-0.10299559
-0.10049889
-0.02169524
0.083895214
0.014445476
-0.020027757
0.025331466
-0.08506928
-0.22928944
-0.006889055
-0.0705145
-0.09121335
-0.05567045
0.0074190306
0.067068085
0.13657753
0.026249655
0.047224592
0.022204176
0.08609249
0.0781147
-0.03412036
0.028825834
0.027969038
-0.013407106
0.06566264
0.06825763
-0.016608493
0.046582434
-0.06797597
0.04846375
-0.01555701
-0.09782575
-0.04370276
0.03081395
0.09647054
0.031631522
0.03665745
0.05550809
0.018394768
0.019531954
0.030965414
0.008099976
-0.05204586
-0.23457938
-0.13860331
-0.007306958
0.0618135
0.010360073
-0.15163077
-0.010895748
-0.13507052
-0.18517214
-0.0982997
-0.03968073
-0.046348155
-0.028500106
-0.020113794
-0.051474802
0.018544747
0.07962571
0.124375395
-0.04877992
0.03397269
-0.004480301
0.032882348
-0.024375184
0.112601995
0.10732728
-0.08876917
-0.058976192
0.0735264
0.027462069
-0.026015343
-0.026314639
-0.061481785
-0.031351928
0.009445688
-0.002069677
0.035941783
0.021448152
-0.065336734
0.06759973
0.1832972
0.06316109
-0.013290858
-0.028164899
-0.021118183
0.069219805
-0.007373702
0.008877656
-0.017492263
0.20459752
0.16540952
0.20104757
0.31157756
0.057852436
0.07992669
0.13700649
0.20557593
0.17436577
0.03214026
0.1690364
0.2965873
0.04041364
0.27777058
0.0770541
-0.07509487
0.13835135
0.2043404
0.14801112
0.27247408
0.10920886
0.075012125
-0.077087216
0.09210144
0.098081976
0.11659603
0.04158353
0.13759464
0.20770904
0.08591755
0.05176358
0.22129168
0.12471788
0.12177392
0.080852024
0.014312664
0.05913028
0.19629312
0.16246647
0.13127117
0.16835311
0.032618027
0.088730745
-0.0024157134
0.16298111
0.07397754
0.16505538
0.0066893324
0.1931544
0.15997896
0.08368409
0.0905017
0.09500919
0.0016331667
0.08714308
0.12503146
0.1237349
0.1552906
0.094265394
0.1348992
0.19930577
0.11614544
0.016662557
0.2165035
0.13063301
0.19191574
0.02659194
0.23084448
0.085210614
0.08500367
0.08843414
0.18016341
0.0754173
0.05433177
0.10408846
0.058983505
0.2283326
-0.027954087
0.14873295
0.13025853
0.037730306
-0.05313389
0.14852497
0.12704726
0.13753171
0.10533843
0.16628847
0.28835377
0.15512356
0.091311514
0.106405325
0.05930761
0.14846833
0.14595945
0.06007859
0.050712693
0.041439284
0.09628305
0.1045642
0.14707159
0.08218475
0.24418984
0.22002706
0.04401376
0.076981686
0.037893757
0.12786634
0.26168358
0.22762778
0.013071999
0.20917903
0.10482701
0.064503565
0.1773784
0.13527909
0.26108566
0.12607557
0.16751413
-0.030761654
0.052721493
0.102401786
0.11645824
0.047391374
0.15567635
0.24022281
0.07279514
0.13945521
0.13123497
-0.0744404
0.025468862
0.17386393
0.041479208
-0.020849776
0.042609897
-0.042350084
0.2763193
0.29135272
0.111375146
0.04545737
0.15371515
0.07631559
0.036363848
0.17126754
0.016109824
0.051998716
0.021072796
0.17872152
0.021339273
0.08024333
0.14702855
0.03128817
0.122147426
0.080043174
0.30720967
0.074518114
0.21904488
0.16367552
0.036841627
0.19414508
0.124477
0.08012889
0.13690585
0.10982079
0.37169755
0.028565433
0.13971968
-0.080478504
0.024444588
0.0031807197
0.16938402
0.10767881
0.06706351
0.11266753
-0.07692383
0.055222474
0.106707856
-0.03302139
0.1268034
0.22698244
0.19302307
0.054436803
0.06960322
0.19787203
0.07679671
0.059881452
0.15366891
0.07458804
-0.012222192
0.067171305
0.0877611
0.17529717
0.14274795
0.15947574
0.09833425
0.024163267
0.055748258
0.01509677
0.06301134
0.12809007
0.19844574
0.33813816
-0.040957347
0.11588274
0.1408507
0.29125336
0.17292579
0.17784886
0.055184316
0.018779986
0.1065731
0.048035093
0.21811315
0.024487382
0.051135335
-0.0107360715
0.113413386
-0.008654971
0.050860878
0.029632466
0.15165278
0.1672102
0.07170392
0.04590833
0.16686188
0.04580739
-0.0034414819
0.20054005
0.07757389
0.039580733
0.16781825
0.03159239
0.12821504
0.06037861
-0.009971235
0.18089792
0.14887916
0.020295924
0.14889446
0.20721115
0.091403775
0.15019558
-0.04374029
0.21762037
0.12513857
0.17175375
0.06408803
-0.016686816
0.10650499
0.33683714
0.14969282
0.2117402
0.33222622
0.30322373
0.069380365
0.10546294
0.11520564
0.06311933
0.20355429
0.02809468
0.3719515
-0.026592651
0.12903772
0.03992558
0.10399103
0.019741165
0.11691077
0.020916052
0.15760995
0.24430993
0.047425024
0.091068566
0.119724795
0.06529826
-0.032683294
0.25037864
-0.027057432
0.011618551
0.15075386
0.004005218
0.14444458
0.245208
0.017673563
0.03862506
0.06279407
0.15018766
0.106992394
0.19653262
-0.16638985
0.09479417
0.16432074
0.14725967
0.23248611
0.18144615
0.10235607
0.07645765
0.04224952
0.22063822
0.2783859
0.18894988
0.15175427
0.10769767
0.18291295
0.31737256
0.08442895
0.11686418
0.025410421
0.015054987
0.30438232
0.010002212
0.044479396
0.036944605
0.09337573
0.04925717
0.16862741
0.11805308
0.045502618
0.24218662
0.092849895
0.054241244
0.19600865
0.053708676
0.009431442
0.0960801
0.18262985
0.07789364
0.24214606
0.18344031
0.04805164
0.1033921
0.10510441
0.106167465
0.006670515
0.117784575
0.21920395
0.03043608
0.061214935
0.12998293
0.14648291
0.19286095
0.14752637
0.1119983
0.14047736
0.150677
0.20193382
0.27140233
0.1857509
0.05226916
0.2483574
0.18387814
-4.4495166e-05
0.018970031
0.1215142
0.10786483
0.07534634
0.11891129
0.37285775
0.16437206
0.12816536
0.033830676
0.15475178
-0.016686536
0.014353951
0.014406211
0.20982417
0.20316017
-0.024234176
0.11050415
0.10408692
0.013914335
-0.09485786
0.110962376
0.100255735
0.13759975
0.19681242
0.065463886
0.17061532
0.18023701
-0.03152154
0.16933008
0.030582473
0.11115646
0.05764634
0.042728942
0.02872347
0.059777554
0.024527496
-0.07830836
0.21348383
0.17335914
-0.016828388
0.021377051
0.00968253
0.14898223
0.19373758
0.23071097
0.109388605
-0.027523331
0.15429458
0.09890195
0.07575267
0.17396127
0.22197309
0.033101827
0.27523917
0.012796484
0.13493729
-0.087033026
0.08967064
0.019983888
0.0117033925
0.09391513
0.04650984
0.24488293
-0.066702984
0.12080642
0.12595916
0.06596558
-0.02736258
0.17175911
-0.014758491
0.09235182
0.20008983
0.045763176
0.24966314
0.20385556
0.11604208
0.061377626
0.025652979
0.030581987
0.12819955
0.15085626
-0.07664352
-0.079768576
0.03134219
-0.05896833
0.2022152
-0.15205607
0.004400605
-0.008982517
-0.12241005
-0.0060474565
0.15707557
0.09065731
0.12977198
-0.11013428
0.02177651
0.065537624
0.06711956
-0.042971816
0.09152696
-0.12646522
0.04430617
0.16196807
-0.09945287
-0.12781897
-0.09027901
-0.081592195
0.008591589
0.06572809
0.0027615393
0.07829988
0.11718836
-0.085198894
-0.09941109
0.06636723
0.14745766
-0.045074053
-0.14434142
-0.06408288
-0.060073886
0.117109984
-0.07875497
0.08158375
0.03975013
0.18246014
-0.012026155
0.0074358713
0.0420895
-0.076449305
0.2304501
-0.1022768
-0.051430177
-0.08923395
0.08699079
-0.09268381
-0.21587572
0.033272896
-0.14319548
-0.06435817
-0.10833637
0.13645098
0.17347783
0.04959973
0.06692712
-0.05923836
0.005095399
-0.050575092
0.05060633
-0.17211968
0.002721156
0.060561713
-0.03741232
-0.16840729
-0.036287315
-0.10498715
-0.104282804
-0.015827838
-0.16115367
0.07424844
0.012478438
0.042858165
-0.047335222
-0.0086719375
0.067938596
0.051784053
-0.16605045
-0.0058940193
-0.012463861
0.014077934
-0.042853348
0.1305756
0.067728736
0.096026815
-0.052783538
-0.048927028
-0.00087938976
-0.003977687
0.024182409
-0.058852114
-0.08676304
0.017196953
0.25548354
-0.08794596
-0.09340608
0.009256571
-0.10809425
0.005024564
0.040971342
-0.1019466
0.07028304
0.08526794
-0.045438856
0.04510606
0.0039467295
0.088611424
0.0386149
-0.13586584
-0.142493
-0.07298545
0.08356137
-0.15587595
-0.045797493
0.06535098
-0.02259752
-0.035316266
-0.09422477
0.014451634
-0.006363262
0.018875187
0.013673222
-0.07193422
0.044676673
0.060285106
-0.15479337
0.004238254
-0.052082498
0.038013477
0.065971375
0.05285387
-0.050780166
0.14520198
0.0825964
-0.068954274
0.038565982
0.013035443
0.081653625
-0.082246274
-0.04683883
0.10265261
0.088378206
-0.01228095
-0.19892085
-0.066101976
-0.0074111824
0.14728743
-0.13206564
-0.090851195
0.011229813
0.054065764
0.0014651511
-0.011259063
-0.14894702
-0.06924344
0.06501652
-0.108813345
0.00039913817
0.08033792
-0.05519159
-0.035496812
-0.11780914
0.034025032
-0.01104955
0.015402828
0.057523225
-0.0037665043
-0.11572754
0.04614444
-0.12205526
-0.01572732
0.103087276
0.089993976
-0.19979604
-0.10602138
0.046955254
0.12759772
-0.09111305
-0.054886453
0.04694389
0.115557246
-0.18573481
-0.13457729
0.026450936
0.028494127
0.21605761
-0.13812806
0.10508302
-0.072039634
-0.009237316
-0.11133905
-0.24360712
0.012060179
0.020566393
0.0046751397
-0.08141547
-0.022376098
-0.048024125
0.027509602
-0.07418731
0.0020607982
-0.03414731
-0.009897184
-0.015968418
-0.05362147
0.003881502
0.006752907
-0.048828524
-0.1482206
-0.057377394
0.042679735
-0.100458644
-0.010338616
0.024085555
-0.027248947
0.061350983
0.16638999
0.031054275
0.13596085
-0.07154893
0.09198938
-0.1373244
-0.02827283
0.08005906
0.07601072
-0.016427252
0.034770355
0.053403232
0.075848244
-0.1618592
0.0007871834
0.12635009
0.012217323
0.040741798
-0.14954402
0.05898597
-0.017809326
0.11102015
0.03792337
-0.012871563
0.04594262
0.12887706
-0.11199629
0.013915215
-0.06764733
0.049255878
0.0950808
-0.15338491
0.14183009
0.11949856
0.03672851
0.035258915
0.0067180265
-0.0026045383
0.043619957
0.03283546
0.009422404
-0.045913003
-0.052355174
-0.060571067
-0.08057256
-0.012427899
0.033280946
-0.057711985
-0.034141213
-0.045735847
-0.008755331
-0.018948222
0.028315624
-0.110936135
0.014075729
0.00045224596
-0.019077487
0.08112012
0.005853463
-0.0044083376
0.15592887
0.052815422
0.085067555
-0.038085256
0.082635455
-0.016282655
-0.21635531
0.037850093
-0.12959453
0.03473741
-0.067419454
0.026278583
-0.1366771
-0.06377963
0.047103997
-0.039403033
0.026352365
0.03703841
-0.014930711
0.063867554
0.0030297386
0.06724143
-0.000100885074
0.0037874854
-0.10167789
0.064962074
0.07397527
0.04846533
0.011431197
-0.057437256
0.035190366
-0.007206673
0.012524755
0.11689083
0.0050182245
-0.057027273
-0.0028824983
-0.011895926
0.14897953
0.08219181
0.023415588
-0.23022203
-0.11866787
0.09633088
0.20024675
-0.23625065
0.03216425
0.050928794
0.09064209
-0.089780256
-0.012078916
0.14020634
-0.055720586
0.09427936
0.0021916442
0.029244194
0.0009570374
-0.0061025177
0.020207912
-0.041205425
-0.22469302
-0.13223842
0.100197226
0.042064894
0.06799846
0.09167172
0.10397546
0.035054203
-0.074753046
-0.0973783
-0.11127645
0.054112118
-0.046970192
0.081768714
0.059386708
-0.087327346
-0.011589918
-0.033953704
0.026044449
0.009881781
-0.10350706
-0.047480438
-0.0762588
-0.16395335
0.12278739
-0.12841523
0.15409589
0.011545606
0.14151266
-0.11938088
0.02344623
0.039950162
0.11865095
-0.14158367
0.010577842
0.13271461
0.18048917
-0.053341724
0.04739994
-0.023437975
0.11953597
0.042593215
-0.22321717
0.032665543
-0.053310532
0.11209349
0.0040483368
-0.17453782
-0.047003545
0.056403156
-0.03593166
0.003065179
-0.035634305
-0.09821711
0.17940356
0.16541518
0.0948076
0.010362151
0.0015411831
0.015984124
-0.10308193
-0.086045146
-0.038678735
0.013774779
-0.15048453
-0.02860594
0.048137307
0.04618532
0.01034509
0.024334762
-0.056727085
-0.13155316
0.022082444
0.053927377
-0.0034197653
-0.14700647
0.007971707
-0.087987915
0.029949948
0.024178803
0.049753614
0.106855005
-0.03558405
-0.089387655
0.16602224
0.059396036
0.05229427
0.0720369
0.025870448
-0.028588029
-0.15699473
-0.009536357
-0.024606215
-0.03269906
-0.18977417
-0.06539973
0.15839143
-0.1034608
-0.09058636
0.010669428
-0.055315465
0.04918236
0.049260035
0.13463613
-0.1415907
-0.1221763
0.044648513
-0.06773354
-0.116239876
-0.13051713
-0.032520536
-0.015131093
-0.027738765
0.050667968
0.061033268
0.03132452
0.08371369
-0.01059602
-0.06051667
-0.078932464
-0.06278069
0.04769169
0.004537089
-0.068604715
-0.084002025
-0.09395623
-0.100676276
-0.1178508
-0.18362822
0.039326105
-0.12592304
0.08135474
-0.13743235
0.035037402
-0.07585809
-0.0115176495
-0.0027055214
-0.048337467
0.028189179
0.01580578
-0.25562924
-0.019834068
-0.010127924
-0.2142462
0.097679555
-0.07073859
-0.1627218
-0.02579442
-0.059352964
-0.17880195
-0.1404784
-0.043076444
0.0077660517
-0.004662489
0.016071044
0.016845062
0.027555002
-0.0027180035
-0.022502571
0.0030921446
0.046406172
0.054482386
-0.011381983
-0.042295527
0.028618233
-0.014929601
-0.014471016
0.028622452
-0.06666176
0.0028715085
0.04428623
0.028439293
-0.15091832
-0.02669024
-0.07484028
-0.12772499
-0.1449132
0.02999147
-0.10146766
-0.0020962676
-0.119785935
-0.00969747
-0.118026756
-0.023121275
-0.12780707
0.007319004
-0.09797908
0.013379822
-0.14538483
-0.12121794
-0.019154292
0.022581201
-0.051247314
-0.10093704
-0.07951194
0.11008849
0.0013140271
-0.007838073
-0.06924932
-0.072744355
-0.029842664
0.023320327
-0.12542102
0.05991617
-0.056172665
-0.04065554
0.10054901
-0.12379952
-0.05381073
0.08483086
-0.08731489
0.023951733
0.011464714
-0.032668304
-0.14712787
0.031169595
0.05681347
-0.11869522
0.019986002
-0.05193262
-0.14543314
-0.025483014
-0.039076086
-0.0040119076
-0.046595726
-0.07350754
-0.029817225
0.013560118
-0.096355334
-0.13492575
-0.09967903
-0.06443222
-0.11172694
-0.07144551
-0.16238344
0.09286356
-0.15094338
0.15157413
-0.11892179
-0.1509401
-0.0009811962
-0.18717127
-0.02265401
0.10182962
-0.07219108
-0.11144123
0.086669944
-0.05508397
0.06515934
-0.17600663
-0.033171188
-0.077790365
-0.078785785
-0.016818555
-0.08251549
-0.045252528
-0.003448424
0.020457275
0.029643567
0.028993549
0.08510873
-0.05206465
-0.12027042
0.087616205
-0.17615774
-0.07905728
0.0359208
-0.11229642
-0.06466636
-0.07970567
-0.120797165
-0.16525964
-0.047711346
0.017185733
-0.07084211
-0.069718316
-0.04665998
0.043514892
-0.05517021
-0.055675633
0.031728506
-0.12050379
-0.1177383
-0.0054996368
-0.08694148
0.19186649
-0.04504876
-0.07850287
-0.14433195
-0.13335791
-0.085861035
0.11581124
-0.1613815
-0.160414
-0.17686255
-0.05027896
-0.01119349
-0.15801503
-0.04298423
0.06859715
0.0164886
-0.02387145
-0.092391305
-0.12812328
-0.046872053
-0.07923602
0.06544836
-0.033616982
0.10862276
-0.13009077
-0.102911875
0.027547399
-0.06399936
0.0007142288
-0.032133408
0.022970064
-0.040736094
0.043855693
-0.12008863
-0.1267274
-0.12525181
-0.020451378
-0.13479474
0.07642377
-0.035611104
-0.074097425
0.014469743
-0.14032517
-0.013591624
-0.057366222
-0.06359201
0.055053275
-0.15230024
-0.04065252
-0.14033972
-0.032797754
-0.14222041
-0.06729901
0.004238682
0.13993719
-0.06717679
-0.088578254
-0.06192347
-0.01935744
-0.039690886
-0.12727179
0.017027993
-0.0020617954
-0.10829133
-0.027604599
0.032181684
0.01100724
0.045903888
0.06621871
-0.0024480943
-0.10787602
-0.038464967
-0.10712252
-0.056667224
-0.016769275
0.111780375
0.015118302
0.0066324775
0.048219524
0.003279597
0.03124418
0.0313869
0.0294424
0.06456411
-0.0028300632
-0.045864657
0.111792
0.04448943
-0.12193237
-0.12635815
-0.0131172305
-0.044222027
0.01085564
-0.096008085
0.054399233
-0.099408485
0.126964
-0.12388636
0.011049477
0.061870307
0.012909125
-0.106231876
-0.04180507
-0.11007345
-0.0579203
-0.06888654
-0.14144997
-0.14455576
-0.09785161
-0.06214792
-0.014712987
0.00885356
-0.05849152
-0.15056115
-0.015408785
-0.03485357
0.035711322
0.0072392384
0.02979448
0.015884832
-0.054376494
0.025905669
-0.03492282
-0.007006072
-0.07184729
0.030957906
-0.08175008
-0.10610301
-0.07064566
-0.022649046
0.009656648
-0.117260925
0.14103277
-0.06327991
-0.07306492
-0.041634005
-0.11694221
0.0071515883
-0.16935517
-0.03794244
-0.061975587
-0.1308328
0.051217664
0.08702999
0.010663221
-0.26317853
-0.078149155
-0.06577928
-0.083479315
-0.096859924
0.07214532
0.088935584
-0.06857992
-0.16515876
-0.06861468
-0.05082187
0.070855446
-0.033089127
0.020212842
-0.122541204
0.09517713
0.036424547
-0.021903379
0.035453215
-0.087434866
-0.08035553
0.032789443
-0.034834623
-0.06105491
-0.06119399
-0.0289534
-0.1247108
0.023357294
0.053693227
-0.030774286
-0.13431613
0.048611198
-0.04186777
-0.10252613
-0.12801027
-0.021094987
-0.1277226
0.03690545
-0.103502706
0.065866716
-0.10991917
-0.15490061
-0.00030404842
0.038510036
-0.042428024
-0.015168078
-0.23796822
0.11899027
-0.10435926
-0.20805344
-0.033824857
-0.11819818
0.038024157
0.20823023
-0.1380709
-0.14900433
0.02258252
-0.05239631
-0.20694542
0.067666456
-0.04462865
0.12756275
-0.057192672
0.09961654
-0.014290615
-0.008628736
-0.006983749
0.07651827
0.048667137
-0.07326406
0.02887417
0.013824691
-0.11167428
-0.01631885
0.13237211
-0.005536088
0.08598601
-0.06998647
0.019509649
-0.055326834
0.010412959
-0.02315913
0.011507438
0.10282709
-0.01321217
-0.025266519
-0.05785853
-0.06513875
-0.085596286
0.0043985634
-0.0670272
-0.06628054
-0.17014082
-0.08833699
-0.0428174
0.0098627955
-0.013516292
0.005145868
0.07533554
-0.05355838
-0.017284809
0.026218848
0.050643448
0.02753032
-0.011828599
-0.07274463
-0.103833266
0.07927375
0.013710187
0.027505701
-0.04282871
-0.06144478
-0.036917802
-0.0061138123
0.06777337
0.057240944
-0.049286433
-0.014523919
0.019502742
0.00019139175
-0.023889115
-0.023377707
-0.05373029
0.046930898
0.12496588
0.04755677
-0.104563765
-0.045638338
0.08419631
0.0041152304
0.07556366
-0.090180255
-0.0651345
0.10798987
0.055569872
0.07595092
0.002382073
0.06745926
0.008685423
0.035450134
-0.08202099
-0.08812775
-0.035694513
0.014067292
-0.029660476
-0.1728158
-0.17322761
-0.25359806
-0.09051066
-0.12567595
-0.08859354
-0.07201886
-0.07703071
0.06517862
-0.07640362
-0.040361244
-0.015415545
-0.014871427
-0.0013986175
0.045384873
-0.085610576
-0.041730113
0.016521439
-0.042002402
-0.054106623
-0.08261618
0.043704513
0.05518826
0.009214943
0.038399313
0.028788667
-0.04104152
0.14646435
0.09682691
-0.07757382
-0.07756865
-0.07166966
0.11355402
0.11101217
-0.015592691
-0.0651196
0.14258865
0.041963626
0.021504058
-0.080573
0.08152856
-0.083847
0.10048858
0.067230634
-0.010750036
-0.13319051
-0.054743264
-0.21729152
-0.04465428
-0.17125282
-0.15144908
0.08095497
-0.09179578
0.08910659
-0.023419026
-0.07744595
-0.11834721
0.083564
-0.0049501536
0.04557788
0.08444943
-0.07630328
0.12286827
0.008905008
-0.08569256
-0.07600464
-0.0746914
0.02517677
-0.094448484
-0.0422205
-0.07443263
-0.035478175
0.019110069
-0.033689827
-0.02471103
-0.019743932
0.10741659
0.006194102
-0.08564668
-0.07909806
0.0075433813
0.10505778
-0.029808568
0.091940075
0.09460093
0.02821008
0.08112451
0.08142259
0.059150033
-0.07495418
0.05238111
-0.17952444
-0.0820355
-0.05976263
-0.009428305
-0.021439403
0.08455077
-0.07973966
-0.08187643
-0.049389172
-0.008561782
0.09861083
0.03090036
-0.086939596
-0.30764112
-0.08618965
0.04022652
-0.0057739615
-0.07127457
0.02053821
-0.02885468
0.00036468892
-0.05021263
0.0034484533
-0.064865075
-0.019225486
-0.05363255
-0.055145115
-0.05378459
0.03406407
0.110229015
0.064046204
0.0076720067
0.048759554
0.06773723
0.024584185
-0.0052649677
0.031058364
0.054141305
0.0072732004
-0.115826294
-0.0921769
-0.05771715
-0.074559346
-0.05043335
-0.01398889
0.06392817
-0.062942825
0.11616832
0.024926495
0.012391251
-0.09098836
0.030732779
-0.06530728
-0.0062907664
-0.11698872
-0.012823022
0.09651433
-0.058312055
0.07824119
0.012521849
-0.11487337
0.015203819
-0.0059946207
0.022392793
-0.04539876
0.0036646547
0.00520896
-0.04618532
0.071412295
-0.09269189
0.03428918
0.057315253
0.009913735
-0.078588456
-0.03829621
-0.062422562
-0.0715879
-0.038263623
-0.10582723
-0.10292415
0.07837643
0.07647074
0.08058621
0.07921176
-0.03377627
-0.0021967425
0.014712365
-0.06858551
0.05282276
-0.04763786
0.08509879
-0.031185716
-0.055641405
0.00854529
0.07837158
0.0031578534
-0.026211776
0.026680093
-0.063704774
-0.10088962
0.008967454
-0.035563655
0.011126168
0.009766773
-0.12883204
0.041964605
0.15777496
-0.10224568
-0.19717829
-0.035981227
-0.019114992
-0.075218484
-0.06985855
-0.027400043
0.07381488
0.10688857
0.084868915
-0.05630363
0.05574073
-0.09587
-0.071008824
0.0026410713
-0.050701242
-0.14859281
0.010754312
0.025367673
-0.047345374
-0.10015473
0.12672895
0.121524036
0.043884836
-0.108221926
0.09109506
0.01135709
0.019244682
-0.014667965
0.05664011
-0.10427299
-0.011203484
-0.081056714
0.081777915
0.09639057
0.05482489
0.03510315
-0.18441983
-0.07850919
-0.034580536
-0.06815411
0.04819686
0.020525916
-0.09313572
0.03214663
0.040401615
-0.03721747
0.027490618
-0.14724
-0.11347598
-0.07083219
0.08024278
-0.0050840913
-0.005808446
-0.030558739
-0.035377774
-0.050184757
-0.07241241
0.052904453
-0.036156658
-0.015210047
-0.08191486
0.011643387
0.074445665
-0.020275248
-0.02467528
0.060640037
0.053406335
-0.09412577
0.067368135
-0.038367957
0.04140916
-0.085526735
0.02089902
-0.0056533073
0.039826926
-0.015283083
0.03596854
0.037984837
-0.047660857
-0.07259807
-0.0823792
0.014245507
-0.033783615
0.058755327
0.047594212
-0.1373572
-0.14863421
0.059555706
0.021531923
-0.08076648
0.044353236
-0.02969691
-0.025433926
-0.20762067
-0.0016098728
-0.121605515
-0.06730772
0.020313539
-0.012587149
0.0025335462
-0.006256465
-0.053273268
-0.076223224
0.08703742
-0.05642223
-0.043719757
0.047383968
0.006002752
0.07008385
0.016227268
-0.017900007
-0.075587295
-0.09515939
0.00032692074
-0.0713132
0.045807283
0.07017699
-0.016381731
-0.0022824716
0.058028013
0.08891755
0.05634521
-0.029678812
0.02283215
-0.08398194
-0.015481538
0.024368832
0.026006173
-0.023146225
-0.093693994
-0.052685566
0.079259954
0.022787616
0.07704627
-0.15328252
0.017631331
0.08682576
-0.042572644
0.07427765
0.17233346
0.15304631
0.030276638
-0.0148975495
-0.003153998
-0.08703075
-0.07543286
-0.02338026
-0.118351504
-0.018126512
-0.053651154
0.055336695
0.10168427
-0.028985286
0.04649635
0.018900342
-0.09355907
0.014501841
0.070909195
0.03789395
-0.1486144
-0.055387195
-0.09666101
0.07392648
0.037019312
-0.014619414
0.08317385
0.06607569
-0.03645039
-0.038485743
0.078758635
-0.005614651
-0.025377464
-0.0010248362
0.037819862
0.057719134
-0.020376131
0.050986294
0.017383946
0.08523647
-0.060379628
-0.10117441
0.0954076
-0.081274986
0.22187287
0.11942068
-0.0966016
0.12027813
0.0052477303
0.0031682835
-0.12037034
-0.05349727
-0.060317792
-0.05571913
-0.04913336
-0.0745708
-0.06471429
-0.019416956
-0.016237486
0.0082893185
0.069511406
0.020795185
-0.05232241
-0.03082379
0.05987016
0.042831868
0.07728381
-0.08258773
-0.074759305
-0.056124806
-0.055678662
0.084648035
-0.051319703
-0.025864948
-0.20990199
0.10145281
-0.047633238
0.061188966
-0.08676482
0.0206572
0.037816655
0.10429585
-0.0748028
-0.07282356
0.090140395
0.012121864
-0.025410214
0.112801924
-0.12990415
0.046884216
0.11713097
-0.044511635
0.09530726
-0.13850692
-0.008523855
0.05567241
-0.13234648
0.017434567
-0.041949745
0.04292207
-0.11763337
-0.26928145
0.074520275
-0.0002083335
0.06540746
-0.025493724
0.05563988
-0.064604506
-0.10964381
0.02752528
-0.07060806
-0.07834323
-0.013453586
0.04056561
0.040413167
0.06620546
0.04551205
-0.07823414
0.08892008
0.003922999
-0.026212076
0.12559633
0.15058486
-0.011588393
0.049352694
0.051519718
0.09198317
-0.027964985
0.11646745
0.0015118725
0.02597564
0.012999528
0.09099167
0.03432401
0.09795313
0.055076335
0.04649335
0.100752786
0.053914227
-0.079076044
-0.10258994
-0.027518952
-0.057166386
-0.10479126
0.075336486
-0.017927898
0.14537765
-0.028730525
-0.04189803
0.1217199
-0.058998514
0.06609061
-0.087090604
0.041714948
0.14405249
0.061854452
0.08615614
-0.014374811
-0.06939015
-0.07049901
-0.016934302
-0.017616836
0.056000732
0.056869827
-0.075690724
0.07128829
-0.03911049
-0.08082348
0.022386204
0.11895682
0.13328828
-0.0874426
0.059275314
0.01118531
0.029088007
-0.034097366
0.042267125
-0.02964795
0.025155537
0.04602247
0.00037904913
0.052077617
0.019568315
-0.030901385
0.051765338
0.05287816
0.047061738
0.056487024
-0.20179391
0.050798655
-0.17463581
-0.09752526
-0.19965573
-0.005893936
-0.043472566
0.04052556
-0.1387687
0.037121292
-0.024638565
-0.008704623
0.06849097
0.042760618
-0.064521365
0.02793816
-0.035763603
0.024201497
-0.028678983
-0.036886882
0.05033253
-0.06181005
0.08538191
-0.07699901
-0.0548127
-0.07417789
-0.08573171
0.036100265
0.0003716163
0.065365076
0.031536292
-0.009287099
0.09071313
0.050584506
-0.06330081
-0.032880545
0.11886767
0.051822435
0.0552816
-0.045017354
-0.024105947
-0.0082519315
-0.014082716
0.04669747
0.04597386
0.0012293274
-0.1271089
-0.047692306
0.07110916
-0.039796665
-0.12299926
-0.028691338
-0.05378813
-0.04328824
0.061304223
0.028710885
0.04528772
-0.1494986
0.05254964
-0.14259812
-0.13324764
0.008105064
0.10634648
0.0044988533
-0.14836183
-0.01520818
-0.037261497
0.042747065
-0.03347882
0.06943909
0.04698254
-0.044225134
-0.023208134
0.092085294
-0.03142182
0.049473118
0.044747453
0.1317037
0.15014605
-0.06878856
-0.016102137
-0.04171199
-0.0073850374
0.030285148
0.055508826
0.042075016
-0.027692443
-0.055344757
0.0051281224
0.10431694
-0.029697005
0.006143924
0.11712837
0.21346323
0.06607586
0.02652391
0.05939307
0.025195073
0.012890065
0.18595889
0.009256269
0.031587012
-0.04618939
-0.043473385
0.14069793
-0.047697052
-0.029351588
0.07406447
0.017607281
0.056467086
0.1630328
0.040003967
0.19813514
0.07082821
0.062161732
-0.05492734
-0.032571495
0.056977004
0.08411869
0.1229958
-0.09157332
0.07230117
0.051141974
0.022796301
0.08776087
0.05624033
0.043485872
-0.07233973
0.148008
0.0057898615
-0.061440673
-0.015179199
0.054765407
-0.07377407
0.068585955
0.046186116
-0.085808024
0.030249087
-0.03724594
0.053496428
-0.022481129
0.037570816
0.04110924
0.062422935
-0.062894754
-0.04048928
-0.07391798
0.18001476
-0.062121805
0.028201794
-0.10589271
-0.008141325
0.0687707
0.054369185
0.09040229
0.12508819
-0.02304752
0.044501312
-0.029984353
-0.12939988
-0.060900148
-0.016900236
0.019966068
0.06063857
-0.04940575
-0.060475454
0.0981933
0.08791671
-0.07825016
0.016964
-0.0980507
-0.017651193
0.05418676
0.030343222
-0.07408955
0.023857368
0.0358632
-0.042578887
0.019925766
0.07052013
0.049792893
0.023575405
0.045852568
-0.09640365
-0.037724607
0.109636724
-0.033400983
-0.034664113
-0.08377167
0.069494955
0.120975584
-0.08614727
-0.033714432
0.010058858
-0.12627031
-0.019601874
0.13665137
-0.108268775
-0.013097071
-0.10363461
-0.066667385
-0.0038737103
-0.0013546102
0.09547454
0.049763598
0.0010502585
0.1155566
-0.060891088
-0.0840995
0.02885468
0.048113532
-0.051447526
0.023076868
0.11454758
0.042599868
0.07285623
-0.009806575
-0.035923865
-0.0530041
-0.09329511
0.014852795
0.13142805
-0.04992066
0.0851069
-0.029788272
0.035673987
-0.072439484
-0.047137327
0.12536094
-0.047424797
-0.09416286
0.091995746
0.06839952
-0.043544713
0.006527291
0.01598818
0.03505851
0.033347752
0.010136626
0.05734819
0.15348735
0.031217147
-0.16375667
0.10541719
0.00028083223
-0.033655956
0.05535599
-0.09533323
-0.11118161
-0.054616816
0.062966086
0.075227275
-0.018537626
0.024486896
0.004356367
-0.028106866
0.14163494
0.072313085
-0.05893303
0.0583238
0.054149583
-0.012870159
0.039603535
0.055966366
-0.12055849
0.104655184
-0.05952589
0.016708348
-0.039218023
-0.02323714
0.10397184
0.066773936
0.0003954047
0.000176509
0.064848304
-0.031090861
-0.047817606
-0.011481088
0.08459417
0.020543378
0.0023882668
0.008070667
0.09341734
-0.06496258
0.08095528
