0.007356769
0.065005586
-0.043626007
-0.10291362
0.01708866
-0.16060193
-0.05863325
0.03882526
0.1129953
-0.1864043
0.08752792
-0.0037069344
-0.0879799
-0.21978065
-0.108021215
0.044853497
0.059686642
0.051090304
0.16408198
0.03289904
0.20443013
-0.012390011
-0.1423165
0.1018497
-0.07164844
-0.0386288
0.1355899
0.0035256722
0.31595516
-0.150635
-0.15955877
-0.07952532
0.06737913
-0.07930514
-0.040875826
0.09669443
0.10351237
0.07441119
0.026719812
-0.0006286864
-0.03995802
0.07765198
-0.011714967
0.15939996
0.18011567
0.08101691
-0.018835753
0.10483583
0.023517627
-0.015119826
-0.06474927
0.03522353
-0.21800898
-0.03444217
0.09447405
-0.045022417
0.006119388
0.08216573
-0.083127484
-0.0023172915
0.14448227
0.08227115
-0.11017651
-0.005870814
0.102954246
-0.052401293
-0.0052423207
0.074974775
-0.026065378
-0.041339416
0.05273137
-0.04413553
-0.08042722
-0.038005207
-0.06634368
-0.046062116
-0.038187888
-0.034098506
0.018476516
0.0019125007
-0.07910786
0.08183075
0.03677313
0.10178019
0.088296495
-0.031292785
0.021039201
-0.0002927206
0.25519502
0.0091282185
0.048565175
-0.017130006
0.05036135
0.027651478
-0.07736283
0.145899
0.18665814
-0.005526522
0.119905345
0.085802354
-0.03781012
0.02300794
-0.068884954
0.09162735
0.028028034
-0.0058808764
-0.08138184
0.033666737
0.016884947
0.18940634
-0.15110813
0.112724856
-0.072912425
0.026353287
-0.013798042
0.16518612
-0.006170771
-0.19132602
0.0016300436
0.071776226
-0.14333107
-0.032049753
0.061122984
0.09183387
0.010411571
0.005171429
-0.04123151
-0.0070756725
-0.04300903
-0.11586874
0.04723012
-0.087153494
0.12444333
0.16116588
-0.00074346556
-0.03654445
-0.1623759
0.117125355
-0.049584676
0.09856051
0.028762791
-0.093098864
0.0071410467
0.03877594
-0.048073497
-0.071851104
0.0851271
0.025466109
0.15279917
0.031321518
0.10744905
0.009384601
0.0666191
0.0011459205
0.013280446
-0.16294263
-0.16865431
-0.1335462
-0.2008687
-0.05389581
-0.011652685
-0.017462932
-0.08381543
0.027295973
-0.061741833
-0.20214975
0.06320918
-0.04560522
-0.09348703
-0.004889212
0.01031138
0.079403676
-0.019316735
0.053745884
0.01804813
-0.010951339
0.08619076
-0.11971632
0.19002797
-0.1808755
0.13540515
-0.07594777
-0.05049395
-0.050507467
0.014017692
-0.23271474
0.026776914
-0.14688808
-0.098246746
-0.07919225
-0.24885924
0.047064897
-0.15247226
-0.019912176
0.009995031
-0.007509947
-0.17194416
-0.20730934
0.155989
-0.25805196
0.04526321
0.0016428599
-0.06568345
-0.06872808
0.1234688
0.07925337
-0.04032094
0.15355052
0.119192265
-0.0880234
-0.053264357
-0.048638683
0.01604857
-0.060248066
0.012296744
-0.059690207
-0.09614554
-0.01566693
0.011841044
-0.11176842
0.042851254
-0.097246855
0.10035557
0.16366783
-0.1864314
0.19119674
-0.12993143
-0.030414455
-0.10511115
0.09822803
-0.14743872
0.031838737
0.060078263
0.025070017
0.13105458
-0.06394447
-0.1552821
0.0014002708
-0.12200133
0.22570874
-0.02396989
-0.13620056
0.10777132
-0.012837624
0.04786542
-0.05932324
-0.119175576
0.05633151
-0.30385032
0.012290508
-0.098184526
0.17982166
0.043031693
-0.07009269
0.14618239
0.004123827
-0.027639847
0.036327194
-0.12034714
0.08037698
0.028504124
0.14432393
-0.03169098
-0.13685709
-0.12891792
-0.08443095
-0.054058492
-0.04808563
0.01247376
0.07518385
-0.19108278
-0.09317657
0.06621406
0.008683121
-0.17910103
0.10771889
0.1301934
0.09408924
0.025567558
-0.106329575
-0.100531064
-0.0863378
0.034515746
0.0077575673
0.006274024
0.09360257
0.03109811
0.0070543895
-0.07882809
0.12746803
0.12637267
-0.18925628
-0.13428828
0.04577192
-0.03198774
0.051513024
-0.00073396706
0.017459448
0.14425576
-0.06788106
0.071401544
-0.08907443
-0.024296034
-0.07777686
0.015090437
0.05066519
-0.06016944
-0.033722926
-0.040640652
0.018582659
-0.11263159
-0.00028088933
-0.03416425
-0.03876379
0.10209975
0.1297052
-0.045529418
-0.026819438
-0.10000184
-0.2069088
-0.07554987
0.07860032
0.09503219
-0.018037483
0.05081729
-0.012301965
-0.079509735
-0.06386535
0.03457128
0.08144792
-0.024885261
0.0015323095
0.068021014
-0.07888443
-0.059094004
0.037986547
-0.020427098
0.06745097
0.022413692
-0.07940172
0.1260449
-0.0069938023
-0.14417529
-0.0020823241
0.04607923
-0.13866407
0.22221914
-0.040286563
0.09329471
0.00347921
-0.04924962
0.098458424
-0.0017669041
-0.059355363
-0.046614338
0.0073006633
-0.007430374
0.1005532
0.0005967314
-0.11106973
-0.05686669
-0.09400097
0.054945685
0.17766708
-0.07907609
-0.089628056
0.22081889
0.092326194
-0.053138874
-0.09325231
0.05028851
0.05373675
0.1372604
-0.015171285
-0.07537306
-0.07638592
0.025156023
-0.08474624
-0.09589764
-0.082256
-0.011272327
-0.048959397
0.0036870523
0.0030765412
0.07565366
0.1341253
0.04975234
-0.179542
0.04545818
0.06829632
0.0879961
0.038172144
-0.1899017
0.017663853
0.33825076
0.0051570386
-0.0068891933
-0.18447044
0.033971585
-0.09208153
0.011105258
-0.10920854
0.14623994
-0.08897244
-0.13989112
0.014667664
0.17225654
0.0063986448
-0.07275242
-0.11386433
0.059581768
0.004817288
-0.2944268
-0.013989224
0.007935118
-0.1364248
0.086054705
0.07250903
0.020448083
0.024391519
0.06791926
-0.03654117
-0.07512929
0.07966293
-0.015019438
0.026698
-0.13384075
0.08039137
-0.020630164
-0.043276332
0.006119191
0.0047378372
0.07549007
-0.120681554
0.007828268
0.074731044
-0.007813078
-0.043433867
-0.007731305
-0.0858416
0.078851864
-0.10145458
0.15508617
-0.09270116
0.09590738
-0.021552427
-0.085784994
0.019921541
-0.16677983
0.00013625837
-0.013554369
0.01054642
0.057624586
-0.047930077
0.08066236
-0.014108922
-0.15078454
-0.06295996
0.0404059
0.09345616
0.0909738
0.04432647
0.107280366
-0.14126681
0.026905665
-0.12502164
0.08554476
0.17889547
-0.002438983
0.09656968
0.25886852
0.018957539
0.022182588
-0.18616307
-0.09210963
0.115745045
-0.009771674
-0.066899754
0.007977765
0.08547664
0.11950884
0.034942966
0.022856928
0.23715048
0.043873727
0.079354994
0.1769046
0.05926949
0.076963425
0.09354808
0.058512114
-0.018437129
-0.04704621
0.099637456
0.017151333
0.006075859
0.11502796
0.22884281
0.08428217
-0.03445379
-0.17725645
-0.0071907183
0.0703897
0.14569038
-0.092581734
-0.15388682
0.25223956
0.1493474
0.074623376
0.012923972
-0.0042592697
0.27929682
0.06368949
-0.025502253
0.13240755
-0.030329442
-0.07084527
0.16125782
0.1493914
0.035967954
0.047073994
-0.03212656
0.011127845
0.044469565
-0.09213445
-0.14559704
-0.0075173643
0.04851825
0.009791767
0.011451169
0.110889114
0.035435975
-0.06841783
0.09974482
0.2673877
0.15228449
-0.16369718
0.068437815
0.25776383
-0.012013147
0.022672843
-0.044444777
-0.025155077
-0.13511615
-0.06807301
0.14130275
-0.042616982
0.08313215
0.12168936
0.061742745
-0.035335455
-0.10246705
0.21335915
-0.085741974
0.10904446
-0.078050196
0.013162319
-0.09915064
0.06149289
-0.06937035
0.0049962243
-0.17669515
0.10860482
0.14252663
0.04915723
0.057098806
-0.12915839
-0.075348
0.071121745
0.13556369
0.061130036
0.035608917
-0.0031160964
0.07973437
0.15987527
-0.0051283706
0.06400808
-0.056651726
-0.08945373
-0.017848281
-0.05236183
0.0076901964
-0.063934706
-0.1371414
-0.042624727
0.038350683
-0.0031710314
0.046822466
-0.07484752
-0.15561403
-0.12546614
0.11660854
-0.061835386
0.019298123
-0.09560708
0.09682271
0.13451909
0.010218157
0.13148032
-0.10169764
-0.043121256
0.051609103
0.15293658
-0.032587957
-0.05339657
0.2307437
-0.025523528
0.049929447
0.028485637
-0.06830791
-0.057517618
0.14107211
-0.13155669
0.011232089
-0.18529937
-0.21268651
0.040681385
0.13154538
0.046258338
0.043200787
0.07890427
0.035932813
-0.108188204
-0.0690968
-0.028204821
-0.064003095
0.09929681
-0.13022494
-0.074959494
0.13305625
-0.013548709
0.037334528
0.024664456
-0.15382986
0.06817123
-0.101165086
-0.0064670527
0.07770357
0.028602855
0.034541834
-0.07598514
0.16783236
0.08961349
-0.026693478
-0.041700125
-0.13048476
0.038164545
0.17308241
0.08053945
0.046087462
-0.13700745
0.04715226
0.12384431
0.066293746
0.17843717
0.10178359
0.22769687
0.0019232592
-0.07518023
0.3233453
-0.012477428
-0.013222146
-0.040223286
0.07279747
0.067759894
-0.10807474
-0.08198405
0.067584656
0.06269914
0.08259908
0.1608379
0.022350779
0.08324394
-0.09516758
-0.25108635
-0.0774432
0.091090195
0.15084007
0.026903762
-0.19525376
0.007405608
0.21585017
0.02458444
0.09519812
-0.01880444
0.04689725
-0.09199335
-0.0052642943
-0.119415395
0.11679791
0.06904288
0.015469648
-0.013721171
0.19417287
-0.10403141
0.009697752
0.053535406
0.1894461
0.15132856
0.038431343
0.08749691
-0.07493271
0.045313925
0.05482203
-0.002350037
-0.039902665
0.09845456
0.024871735
-0.0061252494
0.016965628
0.038127627
0.012400613
0.025348186
0.096799746
-0.121647865
-0.002820668
-0.1214563
-0.10345469
0.043971956
-0.0017871996
0.10978627
0.18373023
0.079275645
-0.05456271
-0.10338125
-0.006262977
0.11740971
0.18280022
-0.020887721
0.0055563026
0.00420959
0.064938895
0.2861499
-0.041642167
0.05886962
0.17375022
-0.0019820125
-0.042696107
-0.08886519
0.06237056
0.069234416
0.111170106
-0.011456942
0.023408243
0.14399314
-0.17681944
0.00140142
-0.01411705
0.016130038
0.11196536
0.01744444
0.03052006
0.14077976
-0.04962236
0.22891626
-0.017200379
-0.052637856
-0.08297727
-0.015611892
0.0008250143
0.0038799648
0.19534548
0.18831335
-0.031334992
-0.020988945
0.0053196484
-0.1642804
-0.06299063
0.0563122
0.04108452
-0.08125849
0.17060882
-0.10245082
0.008410666
-0.0904392
0.07874985
0.051973682
-0.02209562
-0.24991164
0.036933556
-0.100194335
-0.053963806
0.069359094
-0.010018596
-0.11737345
0.010363851
-0.028174596
0.03177443
0.07599755
0.08869851
-0.07162401
-0.0662651
-0.0044800746
0.07573789
0.20500353
-0.15977478
-0.036710978
0.043892723
0.052767087
-0.021457868
0.039272055
0.054421715
-0.10988464
-0.056201115
-0.056363825
0.06133461
0.011307562
-0.068524525
0.11655923
0.031424556
-0.22015692
-0.22077575
-0.060445864
-0.2095589
0.053083755
0.09611121
0.004786584
-0.08423109
-0.026161216
0.07973831
-0.039345834
-0.048325524
-0.054672636
0.12921593
0.07662132
0.08064855
0.07739958
-0.0719573
-0.07537757
-0.11546937
-0.019523863
0.080410495
0.01940837
0.043012045
-0.12986551
0.034791343
0.056039706
-0.008003634
0.032996617
0.005610708
-0.0139082
-0.025524335
-0.17218654
0.026792316
-0.17075758
0.005297966
-0.25585455
-0.037382107
-0.08138398
0.062941894
-0.1779542
-0.05167307
0.07393381
-0.018175254
-0.033805653
-0.0061199884
-0.255243
0.12956588
0.11391493
0.05666661
-0.03278924
-0.11100016
0.055938985
-0.026641732
0.027530884
-0.06340095
-0.045677442
0.08120907
-0.13271762
0.0038177227
0.11175511
-0.047598206
0.05737868
-0.04038933
0.006711478
-0.12099674
0.014689682
0.068724275
-0.1940874
0.11828808
-0.060640633
-0.15304449
0.032182362
0.07782219
0.090752326
-0.05753103
0.058665838
-0.14154132
-0.07725967
-0.0018885772
0.0836204
0.05151541
0.0050267945
0.062056232
0.021469444
-0.028633444
0.11331145
-0.040770072
-0.12696101
-0.031957462
0.00027267676
0.0413188
-0.069159456
-0.06139494
0.12464587
-0.06144297
0.09061466
0.0056798146
-0.014626104
0.083815955
-0.017685343
0.18881607
-0.09745014
-0.02666904
0.1715535
-0.003620829
-0.0592302
0.05853497
-0.013571855
-0.16627142
0.092557095
0.19852534
0.06048561
-0.016325323
0.11672667
0.0040537114
-0.05512634
-0.05602965
0.021716693
-0.033997238
0.08830308
-0.005691329
0.07447886
0.111902855
-0.0074317474
-0.103342324
-0.031630985
0.05001333
0.005813969
0.06513946
-0.023061045
0.14221497
0.0761236
0.03878585
-0.011155188
0.076107346
0.047380522
-0.046451766
0.07592835
-0.16044202
-0.15777591
0.00369055
-0.14729628
-0.094195716
0.07287973
-0.021896584
0.10343239
-0.089986496
0.14180352
0.100375585
0.13764781
0.18412502
0.06263373
0.023176508
0.13390751
-0.03536129
0.10270636
-0.11097368
-0.07498558
0.026250668
0.07127516
-0.08763476
0.02449412
0.022288129
0.0034396292
-0.028795155
-0.073044546
0.100439295
-0.0168088
-0.0254157
-0.005507171
-0.083212584
-0.045300864
-0.039591286
0.09717946
0.10632349
-0.018648203
0.0433718
0.054318033
0.17744909
-0.12986836
0.07159391
-0.07205188
0.055651497
-0.07155837
-0.031162748
0.062108286
-0.012401411
-0.0522156
-0.007118352
0.02503367
0.06290065
0.034473162
0.09584048
0.019634005
-0.1689751
-0.006817927
0.040146038
0.0039561284
-0.070765644
-0.17995454
0.09598165
-0.042976893
0.02025384
0.115692824
0.016951118
0.086477056
0.050348602
-0.0011556144
0.08839089
-0.045799926
-0.012527048
0.03816669
0.105187915
0.19340709
-0.004115139
-0.008235247
0.0103678955
-0.073335275
0.005892006
-0.12529223
0.18676594
0.0046186633
0.014818959
0.14331895
0.110776044
-0.08698669
0.11780425
-0.05657737
-0.0149012
0.10853392
-0.0033187177
0.042510457
0.012230762
-0.08903339
0.06396982
-0.12812848
-0.033031505
-0.050783914
-0.01175088
0.1169601
-0.036677353
0.11782454
-0.09439177
0.10221203
-0.16603903
-0.022630982
-0.06186583
-0.05386856
0.041144807
-0.031388354
-0.077007934
-0.012782151
0.096092455
0.06951742
-0.051855292
-0.04314068
-0.014975003
0.03897125
-0.032332137
-0.027430464
-0.09832096
0.044135578
0.09880233
-0.09668676
0.036308195
-0.080661796
0.17127581
-0.08974582
0.1567801
0.032601926
-0.049078416
-0.11228665
0.010747597
-0.1339264
0.06807347
-0.25385085
0.046068467
0.1139729
-0.03195786
-0.22006448
-0.44486275
0.14836939
-0.027784929
-0.07233768
0.035039622
0.07944124
0.016164387
-0.087386504
0.008802411
-0.1469274
-0.030986484
0.17090832
-0.07269717
0.03379723
0.028804881
-0.016202996
0.051021267
-0.19919962
0.0025577426
-0.075346895
0.11638109
0.11616424
0.057937354
-0.035992406
-0.014272757
-0.19360058
0.058173094
-0.15312707
0.02641758
0.020979304
-0.0016303668
-0.072354585
0.046356723
0.005837369
-0.1420784
-0.09912032
-0.025554793
-0.047138408
0.029125672
0.011917361
0.043560486
0.20715772
-0.009224334
0.112345666
-0.2788193
0.15053022
-0.021348959
0.007896917
0.022034446
0.11846378
9.0614696e-05
-0.3601241
-0.083783746
-0.12732829
0.061182354
-0.06547421
0.101927176
-0.045491986
0.048664097
-0.011491254
0.014200623
0.07347863
0.12649907
0.042801257
0.13778369
0.014551426
0.114064686
-0.11324705
-0.07623879
-0.09706484
0.081633635
0.056438617
-0.17627828
0.080300786
-0.03782291
-0.061212905
-0.17947432
-0.11823358
-0.07603842
-0.10853521
0.160331
-0.052971486
-0.08154202
-0.008374413
0.021030253
-0.16289902
-0.24130489
0.043435685
-0.009239034
0.14804356
0.0017278425
-0.04059992
-0.023995612
-0.16381998
-0.081609115
0.05709914
0.08352186
0.055573586
-0.09127081
0.035526842
-0.014356256
-0.057554606
-0.43985364
-0.08920679
0.050214875
0.14460781
0.03835541
0.057096977
0.06471261
-0.04094211
-0.10481164
0.10307999
-0.14581731
-0.0259938
0.04992869
0.020199755
-0.046280995
-0.018750215
0.024973832
-0.11854436
-0.107573375
-0.085197024
-0.00050652627
0.17187126
-0.009365883
-0.0060007013
0.028546916
0.005743763
-0.13523792
-0.037873756
0.07005333
0.12020412
-0.08002248
0.10906058
-0.069109
0.006857698
-0.31029946
0.02860858
0.0764689
-0.12775391
0.15561952
-0.16550168
-0.04018976
-0.04085684
-0.11961072
-0.059301786
-0.09100968
-0.06463562
0.05287612
-0.026748417
0.058161177
-0.0627389
-0.014714333
-0.052732356
0.071756996
-0.07656952
0.0020101115
-0.0065378635
0.026770536
-0.021695334
0.09556343
-0.023346527
0.05631976
0.12615755
-0.03272905
0.12789872
-0.042202573
-0.048949677
0.076496474
0.10685656
-0.11495275
-0.07353665
-0.08312832
-0.063514106
0.022561235
0.082594424
-0.10220519
0.12663603
0.14763965
0.08079086
-0.103103
-0.060457304
-0.15622838
-0.10110091
-0.10160827
0.045670636
0.04942966
-0.25313947
0.12585205
0.06830874
-0.09470136
9.921709e-05
0.05663094
0.038212597
-0.10601039
-0.12340995
-0.060580928
-0.22593221
0.101701155
-0.019699406
0.07575391
-0.15119658
-0.041185006
0.04661887
-0.02807558
0.17187417
0.07237602
0.023160087
-0.016039763
-0.10034789
-0.052195694
0.17504464
-0.016646482
0.030128777
-0.25916803
0.006641079
0.07640063
-0.012794026
0.07081097
-0.15114607
-0.013486
-0.033828337
0.09984087
-0.1289789
-0.03287641
0.06334188
0.18000905
-0.008954742
-0.05606023
0.042294353
0.03935726
-0.06398283
-0.03641295
-0.038105533
0.07726225
-0.06063746
0.12462209
-0.06293934
-0.23855251
-0.20559762
-0.032160256
-0.00632816
0.079140194
0.07854096
-0.12991107
0.04097382
-0.1143351
-0.0700091
0.054834913
0.037265167
0.095485725
0.06471976
0.003925019
0.0037845604
-0.0660198
-0.042659916
-0.16561481
0.022360308
-0.027454203
0.041905433
-0.069482915
0.028368393
0.00045512238
-0.13138855
-0.14845021
-0.052106474
-0.055844937
-0.02039088
0.05414218
0.114876285
0.023817113
-0.014989219
0.18644218
0.084347285
-0.25371814
-0.12079828
0.13441814
0.01690723
-0.05864663
0.080331944
0.084848024
-0.17526725
0.08722265
0.13177772
0.06527129
-0.0110567575
-0.004306808
0.18265833
0.015755806
0.034875832
0.08660718
0.018448927
0.1514001
-0.042076673
-0.13106571
0.14280723
0.15597263
0.101610094
-0.03882327
-0.19797014
0.024537537
0.08428331
-0.009212642
0.057068776
-0.026937442
-0.02922227
0.07611965
-0.015080689
-0.026007676
-0.07476806
0.09259906
-0.14671119
0.039467707
0.010671457
-0.13693213
0.12160766
-0.1125773
0.051091958
-0.11982954
0.0841149
-0.18482564
-0.09601548
0.10506403
-0.0849416
-0.14641003
-0.1368016
-0.003383141
0.05794122
-0.09018865
0.051137343
-0.026431808
-0.02493043
-0.09063269
-0.057149652
0.009312756
-0.050475508
0.012507322
0.08781785
-0.013773228
0.07075059
-0.17440373
0.09511148
-0.02266156
0.019992806
-0.0121307
0.048021495
0.04544001
-0.035413954
0.01026411
0.059408113
-0.033899963
-0.004116263
0.1293446
0.045801137
-0.13854328
-0.052809097
-0.0028058004
-0.010826796
0.01917525
-0.07930323
0.0016730446
0.18741272
-0.023435814
0.11389882
-0.08300187
0.0342852
0.16113117
0.07098224
0.09995724
0.20644677
-0.03634188
-0.041233826
-0.12242646
-0.15448968
-0.029320339
-0.22018752
-0.101370394
0.14159691
-0.079029635
0.07816868
0.020816665
0.035800762
-0.013143111
-0.03305603
0.032383963
0.18746448
-0.030122068
-0.0023828011
0.012337599
-0.03733958
-0.054993138
0.008108805
-0.18721606
-0.046966087
-0.0018994638
-0.033200108
-0.0433027
-0.007712658
-0.05207444
0.009917103
0.037735503
-0.023608688
0.05233281
0.08209009
0.03793509
0.16515067
0.07418398
0.0008630299
-0.07298088
-0.08942736
-0.076271065
0.055796523
-0.02584926
0.009278638
-0.040380362
0.0405893
0.02939431
-0.11127245
-0.13862327
0.05875702
-0.0710392
0.08121807
-0.16501495
-0.20178527
0.03739541
-0.12466136
-0.08598633
-0.023838295
-0.040394533
-0.018849434
0.16350815
0.0088495845
-0.15543178
0.007130188
0.115986995
0.030263908
-0.06505915
0.0107308375
-0.1268451
-0.029783318
0.057005346
-0.14108631
-0.18234265
0.05368626
-0.041701492
-0.021929707
-0.029125828
0.068891816
0.15557174
0.024731139
-0.10741808
-0.040708784
-0.21785091
0.03528696
-0.06059269
-0.0779339
0.06233924
0.14164163
-0.12102137
-0.29226342
-0.03167935
-0.05875077
0.12703991
0.08576478
-0.0021464669
-0.16881299
0.109035306
-0.04028692
-0.066633366
-0.19430244
0.07837876
-0.0986596
0.016469002
-0.033441465
-0.011211888
-0.08332185
-0.16992413
-0.09277621
0.03618017
-0.26364365
0.019338274
-0.061041404
0.10826529
0.02115872
-0.09880266
0.054378655
-0.014632378
-0.16366106
-0.1152666
-0.018180884
0.05649499
0.20607638
0.091394216
0.03254058
0.09183426
-0.02931311
0.12939572
0.007052143
0.04676887
-0.061760813
0.09156329
-0.10032067
0.03882966
0.1555407
0.20240043
0.06331145
0.108741686
-0.07165125
0.03493953
0.10071449
0.096397705
-0.008370953
0.029649438
0.044954512
0.009043185
0.051846694
-0.044968035
0.1928609
0.09165127
0.05019211
0.054619
0.013066
0.14181128
-0.124732494
0.09760375
0.16816738
-0.056258656
-0.096121944
0.13382353
0.039760567
-0.00910514
-0.017138446
-0.0057097687
-0.016607929
0.023006648
0.036105365
-0.017731193
0.019624617
-0.1763322
-0.11317066
0.027345978
0.013271876
-0.0076034046
0.057809956
-0.1782449
0.028596407
0.09629432
-0.18730006
0.07687746
-0.020567626
-0.068521634
-0.074530855
0.08180564
0.2375515
0.16457565
-0.06839884
-0.023282424
-0.025483826
-0.061287243
0.10443215
0.2026962
0.018108422
-0.18914998
-0.0038433045
-0.019672006
0.07965332
0.095443964
0.16347608
-0.089673184
0.041709036
-0.022298655
0.099510774
0.08064155
0.042631157
-0.06781303
-0.0497305
0.070380904
-0.07426992
-0.011493394
-0.13814747
-0.02870149
0.0015049283
0.002424165
-0.09275495
-0.004976671
0.046244595
-0.01827934
0.056062035
-0.08440007
-0.14747259
-0.10197251
-0.018221177
0.067834914
-0.12103448
0.06984149
-0.11205229
-0.04541792
0.072806396
0.044055782
0.12079125
0.1427075
0.096000694
0.056909185
-0.02571937
-0.1014508
0.08886144
0.057080656
-0.15520528
0.046616077
-0.010576475
-0.004815934
0.18801282
-0.0513088
0.23199818
-0.12018006
-0.002202203
0.025612937
0.010292427
-0.024628881
0.085000664
-0.14776064
-0.038216528
0.07386768
0.08233021
-0.05974737
-0.10155908
0.09926145
-0.122513674
-0.07576943
0.20083164
0.040186197
0.07505672
-0.002698961
0.18463752
0.029466802
0.13082346
0.101142325
0.25707826
-0.06374224
0.4603917
0.056829907
-0.035682887
-0.1156356
-0.089975856
-0.010415479
0.0716559
0.13057148
0.054299675
-0.113996126
-0.01529014
-0.06825363
-0.0055517284
0.123145364
0.059942733
0.029870812
0.119508974
0.065274894
0.014927467
-0.14336146
0.017847298
-0.019894669
0.15632406
-0.050558724
-0.01314952
0.14040162
0.08295435
-0.11589566
0.02010751
-0.04764748
-0.07037152
0.10230402
0.10366106
0.049055994
0.018011354
0.14559533
0.015731215
-0.050536428
-0.12646717
0.008881123
-0.10345318
-0.120948575
0.009785615
-0.18357551
0.07665569
0.045367442
-0.074043125
-0.048380375
0.026326265
0.101674005
0.114057295
0.18505687
-0.10066881
-0.017739128
-0.055707056
0.0017160521
0.21000841
0.041563362
0.0895669
0.14889576
0.06093588
-0.021965574
-0.18210009
-0.05063785
-0.04628546
0.13846028
0.11998853
-0.015821364
0.03815741
0.044085063
-0.023251869
0.004922887
-0.058796957
-0.044419553
-0.005254619
0.0421805
0.08885747
0.011080118
0.124829896
-0.059097357
-0.15193956
-0.024957577
0.038541
0.14730892
0.0809054
-0.014734689
0.01988505
0.001057301
0.13768478
-0.026805976
0.011079169
0.065705635
0.15147692
0.09468244
0.09269819
0.0066159475
-0.043617643
0.034094762
0.042241532
0.051227443
0.35023394
0.05540488
0.26551872
-0.040405966
-0.08538907
0.09961574
0.022136431
0.009828198
0.0063492255
-0.076898664
-0.0841962
0.08541164
-0.1933455
-0.037109207
-0.16986261
0.01640442
0.016669467
0.0102909915
0.039167937
0.018892065
-0.10654496
-0.04871685
-0.03917814
-0.12864707
0.12947027
0.03872968
-0.031222561
0.17101172
0.19357751
-0.019600742
-0.038274232
-0.047588587
-0.06396557
0.093820244
-0.013803743
0.07074764
0.0626671
0.079717726
-0.0008184721
0.03814743
0.0002414031
-0.06115144
0.07450422
0.090094745
0.0910795
-0.05234253
0.037037265
0.098093435
-0.19103386
-0.16273344
-0.09752721
-0.07209161
-0.022829961
0.10182488
-0.049437974
-0.16418657
0.0023740933
0.022233313
0.010591789
-0.05535911
-0.086075276
-0.008663917
-0.20738229
0.049551267
-0.143771
0.16126536
0.032359447
0.12529397
0.064658836
-0.02799985
0.10706509
0.07706961
0.06100655
0.09831625
0.13600464
0.08511193
-0.059057392
0.0019270473
0.03170909
-0.094883315
-0.12881806
-0.013938239
0.18058255
0.15781388
0.0070092403
0.028874122
-0.084965706
0.09024625
0.114053786
0.0089224195
-0.10884586
0.058241747
-0.015753519
0.017419389
-0.1366558
0.019631019
0.017911226
-0.023210315
-0.03408976
0.022122396
-0.109974176
-0.00040199203
0.15587008
-0.07633764
0.0117938435
0.052823484
0.0486724
0.086468555
-0.09586864
-0.09076045
-0.0582882
0.09832738
0.13694721
0.12256528
0.0034253523
0.03838873
0.022417273
0.10185983
0.05996128
-0.01201981
0.0583227
0.08485441
0.03427575
0.1702832
0.034191914
0.030994127
-0.05816605
0.07796696
-0.018671952
0.12254294
0.13186102
0.09496463
-0.0210596
0.05780629
0.063460216
-0.034681227
0.052479707
-0.05455713
-0.047050506
0.08683422
-0.076844886
0.0065896986
-0.024551475
0.086215645
0.0011579655
0.17176488
-0.030765818
0.046057142
0.12458002
-0.005683948
0.06892864
-0.14108364
0.018405044
-0.08112094
-0.085480385
0.077298366
0.03784993
-0.075861864
0.08253369
0.117352575
0.056723837
0.14393412
-0.16680366
-0.20358193
0.10956611
-0.12876344
0.0136683
-0.048148222
-0.01330455
-0.15334328
-0.09013579
0.10017497
-0.24610728
0.12515333
-0.05631094
0.11862094
0.16655816
-0.0963634
0.0024254657
0.03660701
0.08815319
0.08639765
-0.18383375
0.1298088
0.17706287
0.15860066
-0.22328423
0.022233833
0.05321645
-0.17667587
-0.13434279
0.0451524
-0.023364643
0.05117896
-0.016546538
-0.009251932
-0.17926404
-0.02866023
-0.041742586
0.059377737
0.21422234
0.16508038
0.11667309
0.14349853
0.02556593
-0.10000574
-0.076646455
-0.019381257
-0.07999588
-0.06604211
0.0025845163
0.20688598
-0.05139683
-0.0108226705
0.19773057
0.071971275
-0.0023530195
0.018596938
0.033964667
0.09693327
-0.02738673
-0.017526492
0.090528704
0.19894266
0.023547113
0.15749018
0.057939906
0.06780675
0.018014919
0.15344477
0.036589816
-0.0648646
0.07437936
0.19258781
0.28643546
0.31736067
0.058201328
-0.07991099
0.034835365
0.046136882
0.09739629
-0.11552213
-0.020402145
0.1461341
0.05926763
0.09176388
0.034697182
0.040854435
-0.06187061
-0.078615524
-0.07973487
0.02690696
0.013046539
0.08435391
0.078177
-0.07082236
-0.09149852
0.012100685
0.05842021
0.021529952
-0.14388826
-0.08335233
0.003803366
-0.13337511
-0.084945075
0.033875547
0.111417644
-0.074389175
0.2656818
-0.01863171
-0.08972639
-0.1694226
0.08025139
-0.10081265
-0.119340725
-0.046450663
-0.08817618
-0.2992084
0.09784511
-0.14144222
0.008251509
0.021089854
-0.0058118226
0.055024598
-0.044282224
0.022549935
0.10812093
0.0928065
-0.031958167
0.050292894
-0.0061188475
-0.04835173
0.041026063
-0.05592893
-0.15917309
-0.03433364
-0.325899
-0.059255023
-0.045231525
-0.09121133
0.011763821
-0.1140403
0.18280841
-0.042308565
-0.009063169
-0.13958846
0.038842358
-0.20739217
0.17168884
-0.09102557
-0.04900633
0.08778064
-0.06802894
0.21457243
-0.09967023
-0.051044777
-0.0029913418
-0.023188116
0.0507458
0.032637984
0.070832975
-0.08892089
-0.1359312
-0.035970595
0.010129162
0.09013695
0.047804557
-0.021053677
-0.1489104
-0.07632632
-0.038663622
-0.060972508
0.0766981
0.08160412
-0.14714532
-0.1757543
0.06969123
0.13903533
-0.036961872
0.002437883
-0.05001353
0.033469807
0.0062975255
-0.16812491
0.09138685
-0.010673944
0.012358921
0.046721842
0.06788444
-0.019357672
-0.027331406
-0.12662642
-0.024594968
0.15123565
0.018307094
-0.045311403
0.036203552
0.10422522
-0.02445724
0.1989969
0.041141663
-0.08490796
0.057245683
0.11285295
0.26659763
-0.043146674
-0.09243178
-0.16025864
0.173332
0.11276088
0.15396963
-0.07096374
0.06691102
-0.19083086
0.027947411
0.17129454
0.0817441
0.09103137
-0.06867095
-0.1665254
0.024353052
-2.5177185e-05
-0.030101309
-0.06291239
-0.094952635
-0.01742777
-0.06958757
0.041232973
0.08438686
-0.043025896
0.058627877
0.08877566
-0.087619126
0.1603437
-0.10636909
-0.022532033
-0.060883775
-0.0037279697
0.18254274
0.112694696
0.067615524
-0.051146235
-0.18392867
0.052712984
-0.04151077
0.06674676
-0.088277616
0.02939316
0.018113172
0.06745576
0.02396813
0.09956653
0.07403635
0.06078309
0.0049492223
0.10999127
-0.04051196
-0.067695655
0.097399466
-0.17744093
-0.087564595
0.117600076
0.07263196
-0.13498875
-0.017703258
-0.025830023
0.1239929
-0.06299998
0.03984296
0.058336988
-0.12554117
-0.030261861
-0.10229172
0.053989705
-0.08819489
-0.15029617
-0.061464652
0.0397322
-0.06270151
0.16223757
-0.023658317
-0.0010410778
0.08066321
-0.012580285
0.104367584
-0.026933836
-0.13891739
0.09510659
-0.00977343
0.1839422
0.017051335
0.13176057
-0.059021194
-0.049213048
-0.023021095
0.08220992
0.0978528
0.12580527
0.23985663
0.0012918824
0.07865221
0.15540278
0.0379135
0.072946504
-0.032142807
-0.062882245
-0.040442888
0.12913936
-0.019357618
-0.094696455
-0.11777202
0.086991556
-0.10266248
0.07918858
0.04596209
-0.017114088
0.007787621
0.17061767
0.10607865
-0.0027852291
-0.09672628
0.0844577
-0.049201
0.054560926
-0.0011220584
-0.0143653285
-0.088153124
0.18176459
0.04830942
0.11193209
-0.06817989
0.16227433
0.03072759
0.048039913
-0.070080325
-0.019697659
0.09896507
0.0269934
0.09492145
0.1120522
-0.032236286
-0.017057542
0.24822128
-0.080008395
-0.0019083503
-0.03308194
-0.040514663
0.13771881
-0.13818829
0.08460582
0.11126737
-0.02331079
-0.1692719
-0.1355678
-0.13901228
0.0064882915
0.080114275
-0.052833337
0.001260762
0.03510881
0.06672392
0.15883596
-0.06808994
0.09453431
-0.046644844
-0.064293765
0.010066771
0.0020195416
-0.032088377
-0.16698419
0.03270633
0.1863192
0.08582135
-0.10432361
-0.070023924
0.018021723
0.06677849
-0.16279009
0.07333919
0.0024421795
0.0348068
0.11577858
-0.02489515
0.033253755
-0.0718202
-0.0028548448
0.06052159
-0.11286711
0.05016727
0.048078086
0.058604315
-0.19138364
0.052574024
-0.046239063
-0.07644365
0.048063893
0.082557805
0.049671
0.022570658
0.23744197
0.053074405
0.08264965
0.07168901
0.111656144
0.09651563
0.028579367
0.003071314
-0.0003952824
-0.097189255
-0.00464707
-0.018077377
-0.054947414
0.06501144
-0.06116939
0.06696648
0.110279284
-0.004385185
-0.021987762
0.0073207295
-0.04370083
0.24176548
0.06905879
0.05105925
-0.05744604
0.12391447
-0.091973774
0.009882744
0.123633906
-0.12435075
-0.062166713
0.05012124
-0.028199252
0.04436492
-0.004352937
0.06335079
0.066141374
-0.067253314
0.15776643
0.13857332
0.0029794814
0.031359147
-0.03414532
0.19312601
0.1481865
0.1813276
0.07148392
-0.003909165
-0.09759511
-0.03236907
-0.0093615
0.019535452
0.033933673
-0.045538444
0.13583517
0.16176358
-0.056090973
0.005920826
-0.092796996
