0.09475291
0.102271155
-0.051658385
0.034454264
0.018786514
0.09530883
-0.11528571
0.045167238
0.08329172
0.13491787
0.028529657
0.19957484
-0.0104531655
0.020393645
-0.052922107
0.037868448
0.07822835
-0.013524207
0.026413728
-0.05898865
-0.09431633
0.011156787
-0.08091492
-0.032566603
-0.004385039
0.08808797
0.06087977
0.0057162894
0.10122248
0.0059169377
0.019318808
0.123312235
-0.017356878
0.028827112
0.11725113
-0.023441922
0.06618736
0.027438695
0.07499348
-0.040648397
0.10917667
-0.07700675
-0.068340085
-0.0060264054
0.061194506
0.019054128
0.009766221
0.09264748
-0.09189251
0.15268403
-0.11703845
-0.043537933
0.13745172
0.03515408
0.061932303
0.10374118
0.094273545
0.06633559
-0.063103616
0.12940522
0.075266935
0.022759795
0.028543273
0.14091387
0.115237094
0.03549789
0.13747188
0.044894956
0.0144063365
-0.030347735
-0.007285049
-0.05215605
0.09833426
0.064164095
0.034626734
0.11500623
-0.02383603
-0.05300742
0.01926485
-0.011110056
-0.05716578
0.05426943
-0.033931285
0.008588597
-0.017424563
0.066827595
0.028893676
-0.011636689
0.055214643
0.004840654
-0.026277892
0.018912362
0.022629987
-0.034237582
0.10265047
0.07430671
0.059783574
-0.11702956
-0.064000435
-0.0449549
0.056144204
0.09140664
-0.051877808
0.18729116
0.11490726
-0.07959733
-0.036822855
0.1578496
0.051320728
-0.051382143
0.015672587
0.052942753
0.04791094
0.05717138
0.08063484
0.011395298
0.1076436
0.13559175
-0.069244646
-0.052051235
0.050974403
0.044770487
0.017424408
-0.038452335
0.029777028
0.08143696
-0.035627626
0.11147486
0.083561294
0.13256261
0.04069498
-0.024504066
0.110802695
-0.048639406
0.1101008
0.021790225
0.07450335
0.09465282
-0.019133361
0.14074805
0.11051541
0.06873063
0.08915303
-0.031291652
0.01208344
0.06005672
-0.010139855
-0.15557131
-0.004437731
-0.036185782
-0.08815913
-0.13371862
0.0021206662
0.05655509
0.060321666
-0.014068562
-0.06399542
-0.03803397
0.03172571
0.05835858
0.009674486
0.09413446
-0.040864594
0.042515945
-0.070664294
-0.007176552
-0.0570714
-0.09343746
0.011199601
0.11357415
-0.044176474
0.014589756
-0.029545028
-0.02796725
-0.08926634
0.031024998
-0.0268564
0.04548146
0.11484469
-0.013729237
-0.029964391
0.08875957
0.06007143
0.07647421
0.062323164
0.06250325
-0.000118832715
-0.044720042
-0.016478132
0.04471598
0.011746105
0.067131825
0.07889667
0.14273956
0.027372524
0.09315522
-0.24108538
-0.0003479604
0.099728145
0.09120615
0.20842077
0.07060527
0.07829367
0.039065033
-0.022135543
-0.05951076
0.011057759
0.04977969
0.054358218
0.059007302
-0.0006554616
-0.048453856
-0.039527137
0.13645223
-0.03366953
0.02886795
0.03418057
-0.03666583
-0.03489331
-0.042972393
0.058355954
0.03501567
0.080803975
0.06780919
0.045497447
0.045655232
0.026829945
-0.012742924
0.026394296
-0.041272677
0.053137716
0.09301324
0.14833182
0.035069004
0.09573811
-0.0033877664
0.113307156
-0.062262084
0.10750553
0.078020565
0.05881299
0.0603067
0.04090182
-0.18500933
0.021006903
-0.16925661
0.026312387
-0.13732138
0.100351416
-0.035378717
-0.07089289
-0.01657946
0.018899016
-0.12410283
-0.110771336
0.064329766
0.059317064
0.024854455
0.042319153
-0.035234477
-0.040196232
0.11852513
0.08609219
0.062140007
0.072264336
0.08790621
0.07623823
-0.06695482
0.07037355
-0.038670626
-0.04992281
0.011833427
0.001024015
0.02941902
-0.046646558
0.05892358
0.11702359
0.045689173
-0.039807092
-0.0759535
0.04063212
0.039523963
0.09632314
-0.024274094
0.018511716
0.11201081
0.12583373
0.09261058
0.1172668
-0.051708058
-0.070674375
0.046095047
-0.16058663
0.12636171
-0.15530443
0.20828968
0.031137558
0.03500496
0.03383735
0.17109656
-0.0045936676
-0.04762583
-0.05688823
-0.04869638
-0.03011014
-0.0836895
-0.003411098
0.029374603
-0.07551414
0.008901334
0.0636939
0.03777967
-0.023351591
0.1034879
0.0077022538
0.01381295
0.010252369
0.09693828
0.045259066
0.07272419
-0.06103023
-0.022302182
0.027367081
-0.014698733
0.0943185
0.03683713
-0.037835907
-0.026600147
-0.012740232
-0.06412056
0.033100102
-0.07243298
0.01883392
0.03195472
0.07523256
0.12931937
-0.036478292
0.16320056
0.05717307
0.082482144
0.01679055
0.1275944
0.04242361
0.07180927
0.13515523
0.025381243
-0.0038826359
-0.08917332
-0.07348174
-0.0043850816
0.05757039
-0.13732564
0.110746026
-0.08213756
0.09510008
0.07198418
0.03754489
0.01352155
0.07176942
0.033951756
0.028824672
0.08018223
0.01952661
0.08162211
0.019532697
-0.0526752
-0.084724605
-0.00229494
-0.089060225
-0.044045683
0.0369693
0.023786293
0.065888375
-0.028280303
-0.048892315
0.021733772
0.13989618
-0.009305636
0.027448226
-0.0009180084
-0.008596952
-0.016036758
0.163741
-0.06916746
0.016908508
0.08186348
0.09559503
0.03358366
0.072868146
0.23250622
0.013065299
0.14933895
-0.06666415
-0.041468855
0.05209948
0.0121325655
0.009179678
0.07775593
0.07974465
0.07547924
0.07910326
0.047438286
0.050775368
0.026567362
-0.039412253
0.012621638
-0.01703372
-0.051730134
-0.069010325
0.0037199077
-0.08173411
0.061337817
-0.03133638
0.022640083
0.034345057
0.10301685
0.033779494
0.015813094
0.10481907
-0.056002464
-0.053469457
0.10768777
-0.05841626
-0.008687375
0.038720608
-0.033365063
-0.070133016
-0.00576487
0.09437117
0.09417699
-0.021680508
0.09153345
-0.07576907
-0.027505327
-0.0042371857
-0.06420614
-0.011725166
-0.05155552
-0.099445626
0.14168158
-0.14175461
-0.0627133
0.056616396
0.021172915
-0.059386313
0.0859632
0.040506378
-0.069428
-0.05847236
0.14386047
-0.004722425
-0.09563662
-0.03372015
-0.005913953
-0.0132369995
0.052659273
0.018160244
-0.07807756
0.04266447
0.066242464
-0.045841023
-0.02330644
0.028562943
-0.012249728
0.043781277
-0.06542558
0.005013433
-0.067370124
0.08038633
0.003513941
0.11795908
0.1646002
0.02449824
0.04171901
-0.014935181
-0.070653796
-0.03897017
-0.040147804
-0.07171367
0.0140825845
0.14596651
0.10689415
0.042971347
0.04873364
0.020683037
0.05048623
0.04066557
-0.0047019795
0.04466205
-0.06507086
-0.019160872
-0.22349589
0.007858441
0.041323893
0.07771976
-0.053863812
-0.0011515357
0.11999896
-0.05682156
-0.054388717
0.1087567
-0.0041474765
0.0762218
0.046008047
-0.04931446
0.03555909
0.016700983
0.014881719
0.034360044
0.039461464
-0.05517913
-0.020357016
0.037889544
-0.016168708
-0.068241306
-0.05538757
-0.027887389
-0.06253604
0.06609997
0.004178565
0.052727666
-0.03951054
-0.041032284
0.05465487
-0.05258174
-0.022279603
-0.07878763
-0.039935403
0.14470765
-0.05258039
0.08664552
-0.07132672
-0.014109461
-0.062121734
0.114558384
0.11863416
-0.000847155
0.1555688
-0.03040966
-0.0055351057
0.09852658
0.11581642
0.037062403
-0.02969209
-0.029340444
0.12619494
0.086915664
0.08812235
0.05979262
-0.07363221
-0.08469335
0.060732875
-0.029711446
0.062452354
0.019937823
-0.008140578
0.003439299
-0.032364365
0.009922734
-0.017841225
0.08666503
0.009442157
-0.00992427
0.11014006
0.08722015
-0.019371478
0.09115028
0.0016813446
0.009178352
0.042348363
0.09616451
0.06421906
-0.027169589
0.01199484
0.050198365
0.07281643
0.024721794
-0.01005671
-0.025729239
-0.06731968
0.12128721
0.15117422
-0.053223282
0.06547039
-0.04234915
0.06907743
-0.08111637
-0.07034381
-0.07794065
0.0054774084
0.07107801
-0.08656999
0.024766965
0.042110648
-0.022957893
-0.016465578
0.091184355
-0.0025611648
0.064874075
0.034375925
-0.07023684
0.024827195
-0.007475153
-0.08555855
0.066176414
0.060909525
0.108600885
-0.08093943
-0.024792144
0.020957893
0.012784544
0.053168043
0.082320325
-0.056110837
0.052742478
0.012946873
0.061277118
0.04607698
0.0037678792
-0.004224267
0.05930823
-0.04160734
0.07096241
0.034933526
0.007874977
-0.007346587
-0.056596547
-0.17409785
-0.064056
-0.109577246
0.044764854
-0.13434337
-0.123108186
-0.017324023
0.1238797
-0.045322426
-0.06328754
0.014113997
-0.03166083
0.08912543
0.03474893
-0.060107324
0.044783123
0.087282896
0.051555414
0.03098488
-0.080065764
0.043683268
0.030860981
-0.06581385
-0.04979006
0.012499474
0.064866304
-0.085661866
0.05225053
0.00014933068
0.032722935
-0.016851477
0.10032775
0.033904277
0.007902009
0.10980097
0.05696102
0.048639424
0.06869617
-0.03647513
-0.0013378977
0.0031766745
0.06017056
-0.06103297
-0.017487027
0.07493154
0.11434733
0.07806942
0.17706774
-0.008489425
-0.07894789
-0.021124164
-0.13028684
0.1737186
0.19349897
0.011197885
0.066189565
-0.020827971
-0.03515685
0.008789917
0.08160733
0.103696145
0.0024429683
0.06015913
0.08142072
0.08248146
-0.074020445
-0.081913926
-0.04360863
-0.073262945
0.041963294
-0.05961137
-0.059993032
0.030154735
-0.057488613
-0.13988341
0.02579304
-0.038580734
-0.048651204
-0.0047841426
-0.05403527
0.023582665
0.002760901
-0.0012900739
0.15713207
0.06175052
0.063621506
-0.06539483
-0.039234243
-0.0114500495
0.040552597
0.10358215
0.012158067
-0.051252056
-0.17805535
-0.15830505
0.032560315
0.120904714
-0.010403524
0.09784911
-0.065887034
0.10605189
-0.0266397
-0.009740084
-0.024657218
-0.17045878
-0.11863853
-0.088548996
0.0057515074
-0.12883534
-0.079260744
0.059570562
-0.019858226
-0.0926598
0.045293156
-0.043498177
-0.0189523
0.02727305
0.059738483
0.006975823
0.014229182
-0.073446475
0.05491026
-0.05326288
0.005361404
0.064252965
-0.079528816
-0.019545276
0.0009455979
0.04400848
0.034747545
-0.07703093
0.11477979
0.033622425
-0.010148796
-0.052107725
0.06049086
-0.030206613
0.05985755
0.075531885
-0.00888742
-0.050768815
-0.09813082
-0.045395035
-0.0050420887
0.042737488
0.08437683
-0.0876731
-0.07015893
0.017726041
0.062285975
0.036696486
-0.09641881
-0.14902812
-0.04431856
-0.011006931
0.066125296
-0.15211079
0.053828165
0.106275044
-0.043812238
0.009929853
-0.04291291
0.05372908
-0.010998707
-0.056149688
0.036584646
-0.01643161
0.069077455
-0.0579193
0.0822115
0.024739282
0.0016077629
-0.069856085
0.00797489
0.07609596
0.02923786
0.030122304
0.083481334
-0.01249278
-0.047172036
-0.098902985
0.047575507
-0.027219307
0.05058602
0.033814717
0.05217527
0.06461625
0.04667098
-0.001752425
-0.022122415
-0.0347365
0.05930025
-0.00880601
-0.08988648
0.067101985
0.12276407
0.010499079
0.19940473
0.026942894
-0.057514686
-0.1562665
0.13697581
-0.08400779
-0.086112976
0.0980706
0.045228146
-0.013471802
0.02373956
-0.0018739072
-0.051658016
0.08777899
0.054965433
-0.009339558
0.04838369
0.08584861
0.009266251
-0.0069574043
0.07311282
0.05126122
0.04678253
-0.028611006
0.066093154
0.08255116
0.0999467
0.111031115
0.066848576
-0.07040409
-0.014873184
0.029143484
0.026367512
-0.04224998
0.022983769
-0.012999718
-0.064525425
-0.03667091
-0.0031272576
0.052295607
0.014829522
-0.024753116
-0.031525213
0.3011705
-0.12645255
-0.0022941947
-0.1634809
0.054487407
0.012385333
0.23506477
-0.002069187
0.013038575
0.04646049
-0.19733702
-0.068816006
0.06697875
0.056179643
0.04126168
-0.03576011
0.088494495
-0.070455045
-0.005633613
-0.10599573
0.012372539
-0.029069807
0.011369722
0.023288896
0.0012211289
-0.010665415
0.018141296
-0.06724042
-0.008572855
0.10012003
-0.056415193
0.10275964
-0.13459402
-0.029503556
-0.03549313
-0.03479945
0.0020933605
-0.06706343
-0.0547479
0.028467542
0.028535567
0.07441027
-0.028146466
0.006480324
0.13603894
0.1380446
0.038394865
0.010778524
0.15500864
-0.097156145
0.019872388
-0.14482674
0.033099785
-0.037560705
-0.0016250745
0.057381887
-0.037619486
-0.022746962
-0.053248845
-0.13065839
-0.024275335
0.020579645
0.074481145
-0.034284975
-0.07093607
0.14792426
0.006525183
0.016298288
-0.03800268
-0.073324
-0.06343577
0.075003736
0.038505893
-0.043449212
0.16855192
0.03822129
-0.07063091
-0.044728383
0.021142593
0.015973
-0.10491615
-0.09017083
0.055147607
-0.007093934
0.07287427
-0.0032772184
0.028268805
-0.06777462
0.024795072
0.06982547
-0.06972541
-0.037074544
0.03409214
0.121088676
-0.09193741
0.07725563
-0.096963875
0.10882672
-0.039171252
0.004885164
0.070755035
0.053978853
0.059837352
-0.060471017
-0.04172173
0.22457206
0.041470237
0.049736176
0.12691319
-0.05399532
-0.123528235
-0.08800281
0.059324756
-0.025115922
0.0012332093
-0.087709315
0.07589351
0.07951197
-0.017954268
0.028651357
0.0020478573
-0.001496408
0.054917425
0.086551376
0.07835188
0.0296359
-0.03737977
-0.012460047
0.02789675
0.08354643
-3.0798037e-05
0.05685003
-0.054490637
0.036586314
-0.11461152
0.040351357
-0.06707586
-0.072654754
-0.08000941
-0.038644135
0.028846074
0.06264268
-0.026280949
0.035333026
0.07504709
-0.06622342
-0.053999048
0.023981474
0.013533483
-0.04799471
0.06944936
0.10658688
0.1912187
0.09377812
-0.036526706
-0.03465143
-0.06702457
-0.07697656
-0.008275809
0.041070744
-0.06093266
0.0029462033
0.06413392
0.014856526
-0.029755369
-0.018071441
0.045487422
0.06789939
0.00850059
0.048711613
0.029685674
-0.10127994
0.010916382
-0.024535036
0.083960354
0.09596718
-0.049511187
0.029960547
0.00065377017
0.08854453
-0.05616299
-0.04004911
-0.062404055
0.034280434
-0.049879648
0.019635236
0.0062843044
0.017175967
0.042068038
0.056480326
0.028133348
-0.059240803
-0.0105222175
0.10555517
0.089871205
-0.09038385
0.052340973
0.09157719
-0.033118457
0.06243717
0.05869252
0.015513993
-0.071964756
0.15626672
-0.13763866
-0.03552201
0.05488224
0.015249386
-0.026668562
0.14977762
-0.02024169
-0.12730236
-0.06576459
-0.016884284
0.05330111
-0.059604734
0.12345505
0.019252792
-0.08052117
-0.015049259
0.08745073
0.066216655
0.07854229
0.091481596
0.052069124
0.034444485
0.08799451
0.042880327
0.09254683
-0.005412916
0.10784292
0.014473841
0.054782152
-0.08394867
-0.035914272
0.032275252
0.07049439
-0.050164912
0.06962823
0.008368425
-0.19551465
-0.11665015
-0.044482768
0.08739728
0.020624997
0.1970287
0.050673854
-0.059628014
0.065825194
0.050339423
-0.01767558
0.0023183965
0.12937635
-0.037554912
-0.050700903
0.024854248
-0.06842775
0.091992535
-0.008205968
-0.07243469
0.038789988
-0.04063915
-0.07743386
-0.06312517
0.012138992
0.009870854
0.01357184
-0.03807813
0.085714705
-0.020048201
0.06257482
0.09265581
0.03763232
-0.017781727
-0.07359689
-0.1138133
-0.106823005
-0.01971236
0.010695522
0.0033568935
-0.042451847
0.09220499
0.036818195
0.04406669
-0.026059983
0.04858352
0.073361725
0.15009104
0.08884177
-0.0035539155
0.05397434
-0.009000581
-0.10739023
-0.047434036
0.101448976
-0.102692075
0.19344397
-0.08052899
0.04888815
0.09795506
-0.07491853
0.068163946
0.0119292755
0.028074486
0.054930117
0.111819394
-0.01327804
0.012285381
-0.015389174
-0.057139035
-0.054192737
0.08449542
0.014717421
0.015630089
-0.09572109
-0.13222544
-0.09871012
0.1012836
0.052044168
-0.06588235
-0.08428665
0.06359616
-0.0124846995
-0.021305697
0.045595884
-0.07648869
0.05318679
-0.05873302
-0.08981387
0.03422095
-0.055918228
0.04344383
-0.003631876
0.039467685
0.029746637
0.07142315
0.18478452
-0.19722925
0.07593495
0.056611203
-0.046656642
0.17857163
-0.038530882
0.13242018
0.07515035
0.057684157
-0.00079691724
-0.03395255
0.07140371
0.018641943
0.011445372
0.029801246
0.11324969
0.2066588
-0.016548576
-0.08469125
0.010857203
-0.07629139
-0.002046727
0.093838975
0.07311286
0.074356645
-0.0018401691
0.04992888
-0.07113847
0.07826055
0.113062754
0.019846901
0.03414498
0.02582138
0.007985625
0.033924416
0.035575274
0.025694106
-0.004388964
-0.054548882
0.047114987
-0.048816055
0.014074803
-0.06548235
-0.04594221
0.026335705
0.17744894
-0.010330503
0.044773635
-0.09399563
0.14078493
-0.00237325
-0.1080913
0.17713554
-0.15702131
0.07114327
0.020737091
-0.114764035
0.021104636
0.03372822
0.09174759
0.0819041
0.024167545
-0.034930646
-0.009380498
0.1264327
0.03227645
0.07078731
-0.046560347
-0.025825704
-0.08426369
0.065576755
0.039561212
0.006062236
-0.09249293
-0.02502946
0.029642457
0.02692312
0.008787699
-0.0168351
-0.0021160096
0.02617475
0.05682691
0.001610591
-0.037939794
-0.032973114
0.07854036
-0.049315367
0.015596947
-0.04998678
0.0044496004
0.041706387
-0.033085313
-0.03524675
-0.08562958
0.06896041
-0.062340476
-0.028356887
0.1171014
-0.14323416
0.084424086
0.18454245
0.23190753
0.08180561
-0.0057455115
-0.034489203
0.07976355
0.14525467
-0.05716723
0.09453193
0.06663133
-0.083251216
0.16580102
0.09500081
-0.03798461
-0.08342954
0.12785007
0.06838441
0.025212416
0.092159264
0.021733869
0.016859
0.11046732
0.0013264065
-0.06739417
-0.02361796
0.08949209
0.019761644
0.06117566
0.047362603
0.030213596
-0.06092058
0.08856946
-0.021302382
0.016247012
-0.08835833
-0.08777907
-0.07512304
0.024479557
-0.09437493
-0.03439823
0.0029417267
0.09758815
-0.021212142
-0.00048404688
-0.056978017
-0.13189483
-0.21715064
0.068999596
0.010679738
0.022733707
-0.093307436
0.089468576
-0.09445392
0.018097738
0.26147202
-0.15681711
0.0022939972
0.082962714
-0.01879019
0.12368535
0.15275171
-0.049365025
-0.022270871
-0.11397214
-0.059958205
-0.0051317937
-0.050523993
0.063527144
0.084347755
0.0038853518
0.043466166
0.020813717
0.020154396
0.02426684
0.12675545
-0.11713392
0.056821447
-0.096718326
-0.05527042
0.035891764
-0.069282375
-0.0056818984
-0.034841202
0.060108706
-0.06581913
0.075358994
-0.09037799
-0.024942338
-0.033038832
0.057948846
-0.21671908
0.04922032
-0.04427861
-0.117367424
-0.13809344
0.01909859
-0.22944097
0.06975132
-0.04486424
0.0084613245
0.021021474
0.0327846
0.07272873
-0.11636827
0.056219053
0.1253414
-0.00012496224
0.067275606
0.048241857
0.03323551
-0.10588957
0.12316334
-0.083455585
0.08775164
-0.00815487
0.005454656
-0.024826342
-0.06719975
0.014978316
-0.06400248
0.067609884
-0.006970556
0.09947646
-0.04405033
-0.10197972
-0.035094168
0.049712233
0.052869778
0.0045230165
0.102527216
-0.03134535
-0.046018083
0.05253272
-0.07936082
0.12800984
0.02438785
-0.09862052
0.045885947
-0.030608749
-0.026414195
-0.09749844
0.035179373
0.043474738
0.02491654
0.017144859
-0.054999746
0.09990738
0.07353083
0.06143854
-0.011704554
0.24928519
0.0262909
-0.062458526
0.11815748
-0.024193669
0.05745869
0.056175224
0.037489958
-0.10497823
-0.013255675
0.10422297
-0.021606704
0.053100333
0.08603763
0.00734972
-0.069642715
0.0774736
-0.03544851
-0.055820256
0.0038246894
0.08607511
0.005588213
0.027159471
-0.010374564
0.09937073
-0.0014024794
0.022750571
-0.05231488
-0.07873834
-0.0075415564
0.09654335
0.06176077
-0.047189582
0.031489886
-0.10703086
0.14150505
0.031403463
0.06155926
-0.1297104
-0.096962444
0.14558193
-0.051433783
0.08931294
0.06386758
0.13823523
0.05138644
-0.009125113
-0.00810504
0.09192876
0.0009946761
0.047036055
-0.017269708
-0.033368293
0.04257083
-0.022920808
0.095585085
-0.05567583
0.0042260527
0.09316531
-0.070902295
-0.036595993
-0.11753894
0.055682816
0.020800486
0.14931719
-0.05480766
-0.096227676
-0.07042073
0.042471156
-0.059652265
0.08663101
-0.06313214
-0.02936281
-0.021525335
0.08010874
0.0042374367
-0.040059146
0.056530133
-0.07538222
0.024072956
0.016951673
-0.03060126
-0.0905737
0.15907606
-0.06404439
0.068122156
0.16813555
-0.0062997327
-0.063955136
0.086766295
-0.023943683
0.12915188
0.12192492
0.09005431
0.15236989
0.007675151
0.14685757
-0.03200784
-0.048590843
0.08856956
-0.121852554
0.06107086
-0.07216555
0.06479253
0.010938818
0.04936789
0.111883156
0.08351939
-0.005037698
-0.07375058
0.06301777
0.0016980957
-0.066542536
0.034975033
-0.032341715
-0.012727703
0.110245824
-0.07514737
-0.0028458866
-0.07252552
-0.065849885
0.0065221298
0.010237834
-0.009327442
0.10453958
-0.025650302
-0.030629069
-0.08567798
0.014242805
-0.06808671
0.013464389
0.11053914
0.08084915
0.10958984
0.07794821
0.06306464
0.06141326
-0.08755221
0.09549251
-0.016815921
0.029022569
0.044717737
-0.050378248
0.05106442
0.114813805
-0.013186894
0.08081084
-0.016682444
0.04528375
0.14742777
-0.016595388
-0.06630636
-0.0059803994
-0.055431116
-0.049685474
-0.016594676
-0.0050279703
-0.09690762
0.050054807
0.041006777
0.07750464
0.0036517899
-0.036124505
0.008850883
0.071084246
-0.06882722
-0.075234614
0.01655274
0.017256835
-0.07922598
-0.0019537879
0.081609294
-0.013918368
-0.07556726
0.027834559
0.036670234
0.034697544
0.013346925
-0.061145313
0.07235728
-0.028782211
-0.2078775
-0.02161558
0.1241009
0.038312383
0.13390869
0.14418943
-0.069162376
0.011216473
-0.014224104
-0.16893317
-0.09042343
-0.087613985
0.075941496
-0.08001561
-0.038924474
0.01915032
-0.011791646
-0.10304928
-0.06232362
0.051809225
-0.07329306
0.07741523
-0.09229195
-0.05655343
0.05934838
0.053996276
0.07832937
0.015039441
-0.07045324
0.031496387
0.019234905
0.109601855
-0.103541344
-0.09932759
0.029262971
-0.08637442
-0.06608887
0.021062708
-0.061841674
-0.07250439
0.020147985
-0.09929951
0.036159907
-0.028054519
-0.0035989468
0.04161759
-0.0029513713
0.008070972
-0.10542654
-0.14528339
0.0016359801
0.04659585
-0.03158716
0.06523602
0.040970404
0.050856024
0.079653844
0.0041087195
0.010450628
-0.015539818
-0.07598385
0.030302761
0.08877027
-0.061139077
0.07457637
-0.098602094
-0.077379614
-0.062178154
0.084428504
-0.008327117
0.10336465
-0.07458015
0.0104662655
0.085507795
-0.008966824
0.060391307
-0.027491828
0.035732385
0.048130468
0.07953697
0.059374385
0.012323808
0.07903073
-0.021489367
0.124980584
0.017792178
0.026137656
0.02356934
0.024068039
-0.05023425
0.026066536
-0.01644485
-0.08813846
0.036634114
-0.029404646
-0.11953651
-0.1800641
0.04474947
0.11358522
0.055053122
-0.05298263
0.03613833
-0.071449764
0.09561451
-0.13191374
-0.1636851
0.03107972
0.023205623
-0.050642744
-0.04151337
0.009698596
0.044642635
-0.009352356
0.020165632
-0.0041623376
0.022776563
-0.048768565
-0.049337838
-0.056462277
-0.058201846
-0.09475685
-0.0799425
-0.11377479
0.107257046
0.097582884
0.04694845
0.048853997
-0.022891743
-0.040083345
0.01800342
-0.04654637
0.06845297
0.17080389
0.032186285
-0.060691822
0.10238796
0.08316338
0.0688563
0.026936008
0.046584453
-0.06955069
-0.048037972
0.048818752
-0.067893185
-0.14598301
-0.077017546
0.07491211
0.020090666
0.041846324
-0.0030964795
-0.040178906
-0.04884908
0.13030054
-0.04921482
0.045829255
-0.058482446
-0.0059573967
0.04275703
0.031688888
0.086092345
0.16394618
-0.05518186
0.013290324
-0.057944734
-0.041321047
0.069469735
-0.021476177
-0.0006943971
-0.022631327
0.023861377
-0.100971274
0.06253205
0.08562295
0.043605916
0.030496858
0.0067102327
-0.07595559
-0.07138026
0.016298056
0.09178615
0.069725454
0.030185724
-0.081132494
0.034482267
0.08025833
-0.046484236
0.07986296
-0.03052798
-0.023983805
0.13419104
0.10428867
0.080291845
0.057838425
0.07350586
-0.06936078
0.11311079
0.22943576
-0.048560623
-0.016179444
-0.065458104
0.089250036
0.0395351
-0.06762608
0.052607592
-0.10858791
0.048941653
0.10476618
-0.09282879
0.041135777
0.09630695
-0.055072017
0.014580109
0.048346736
-0.029372197
-0.044304002
-0.0782704
0.029555082
0.025807742
-0.08502171
0.061119385
0.040844176
-0.027268223
-0.03185587
0.08598318
0.014961832
-0.029080579
-0.013616187
-0.07746835
0.060255256
0.109888405
0.07670125
-0.011708643
0.03404604
0.02888907
0.044675574
-0.069476865
0.0064005926
-0.15612806
-0.007917129
-0.02991944
0.043631244
-0.05728615
0.056204803
-0.016096467
0.040216647
0.09749761
-0.13502893
-0.002726489
0.039701592
0.0198623
0.01313399
0.073276676
0.26570284
-0.06760239
-0.009827912
0.014893793
0.110002585
-0.051174976
0.07299885
-0.016728235
0.025774242
-0.036890015
0.025811208
0.033342093
-0.05846264
-0.0128111895
-0.087909415
0.045412946
0.00027556595
-0.053545024
-0.07897003
0.026893768
0.052787025
0.11211416
0.10298656
0.054898854
0.08959442
0.08246531
0.030921007
0.10274999
0.07917188
-0.07134306
-0.09665232
0.033848144
0.021095496
0.03847452
0.0077697868
-0.06680584
-0.018287206
-0.059108548
-0.029263789
-0.16697024
-0.011031823
0.05957602
0.12403575
-0.1473444
0.027127989
0.0063966434
0.13409324
-0.032197785
-0.0012314012
0.039900217
0.019302495
0.003065163
0.15726717
-0.057499662
0.029013347
0.079152934
0.0022831054
0.022598125
0.010210867
0.068153895
-0.035045553
0.056900878
-0.12515256
0.07544859
0.031000275
-0.06359197
0.022277893
0.09387535
0.026502429
0.05726667
0.02248332
-0.050881844
0.011715708
0.06555987
0.06311017
0.10309388
-0.08257863
-0.029796686
0.0023444556
-0.0029734354
0.09663043
-0.016389782
0.002366368
0.041153952
-0.025288831
-0.08782319
0.12008126
-0.011757302
-0.009267596
0.05517999
0.063067056
-0.058541536
0.16429651
0.122858286
0.006881765
-0.021533264
0.16163713
0.07363439
0.06281434
-0.03505993
0.008925525
0.01123616
0.034071684
-0.03155418
-0.04545202
0.059254497
-0.008071963
-0.10023717
0.0133735575
-0.021536965
-0.109257184
0.09678684
-0.021638483
0.09791293
0.055707023
-0.028277637
-0.07321834
-0.07789311
-0.04446472
-0.08613538
-0.081470445
0.006953459
0.05939281
-0.012311066
0.049198557
-0.013189988
0.039418213
-0.03463048
0.03612799
-0.06209929
-0.121189184
0.06779991
-0.1225704
0.11602561
0.01098067
-0.048593428
-0.0039039585
0.01776847
-0.13030918
0.009605957
-0.15070787
0.09928372
-0.054160148
0.0726254
-0.059779193
-0.05360947
0.10241371
0.0907403
-0.008520959
-0.05086151
0.004738852
-0.054146823
0.07400516
0.082110114
0.02187483
-0.011362115
0.030725459
-0.0052318033
0.09473574
0.03179213
0.073883004
0.015556998
0.10447432
0.017374469
0.10349152
0.06268678
-0.032230187
0.081409924
0.058122437
0.07992262
0.1041881
0.14665799
0.08114379
-0.01343755
-0.09542627
0.05410557
0.023401663
-0.06400958
-0.08126334
0.07259525
0.058877382
-0.040229492
-0.053698223
0.13970375
-0.1666971
-0.10171504
-0.04284323
0.065281704
0.029601144
-0.0064006173
-0.10076084
-0.08915846
-0.14724354
-0.016313914
0.051692333
-0.05183459
0.12673095
-0.09974387
0.0364425
0.015444169
0.06457181
0.026134696
0.058749147
0.024058683
-0.04508516
0.045781612
0.053892877
0.08320379
0.08517482
-0.013802279
-0.027376425
0.0018443972
0.05976207
0.04761702
0.07768826
0.09803133
0.037776366
0.08351159
0.096572496
0.119763814
0.064073175
0.03916987
-0.0030827704
-0.001015748
-0.019028338
0.013690302
-0.051254712
-0.0025796671
0.24082051
0.00694859
0.0048626033
-0.012604752
-0.028777566
-0.15502523
0.09691822
-0.127178
0.37352774
0.06847681
0.07079245
0.011473947
-0.009530018
-0.0011170175
0.008944835
0.033308916
0.028404012
-0.032414336
0.06044818
0.05675983
0.006744798
-0.020551654
-0.046935037
0.0363322
-0.070181966
0.0077420427
-0.02814887
0.046484217
-0.02791176
0.04953683
0.045993514
0.057923358
-0.012781813
0.0005214454
0.06400056
0.08713027
0.10186781
-0.06913788
0.055004004
0.024511853
0.05648065
-0.09062399
-0.01997299
0.059419062
0.10394402
-0.14827752
-0.001700619
0.07886281
-0.001092636
0.11609045
0.071914576
-0.032350272
-0.049400095
-0.08329438
-0.15569054
0.06293416
0.09518028
-0.1289531
-0.029279992
-0.098887354
-0.04341948
0.065581955
0.082715645
-0.020940349
-0.0067132427
0.016954252
-0.02865908
0.0003668264
0.03893936
-0.03520946
0.07902248
-0.033863086
0.06473951
0.03631832
-0.10204889
-0.026039787
0.083183736
-0.07953615
0.09732726
0.004359649
-0.016056994
-0.023282865
0.026684154
-0.07980885
0.028488541
0.110222206
0.09895218
-0.09860971
-0.045539927
0.036051556
0.010768629
0.09127257
-0.077576764
-0.035550755
-0.029021014
-0.07276067
-0.0010326026
-0.09220127
-0.10335508
0.17216037
0.14944497
-0.12763572
-0.12176966
0.06821024
-0.04969732
0.06312117
0.004229378
0.12594877
0.014683998
-0.05760872
0.09068457
0.015313301
0.014307155
0.040378403
-0.03796709
-0.07910059
0.019363556
0.06020864
-0.021220114
0.06750132
0.03910828
0.030525524
-0.09597872
-0.03144806
0.09098464
-0.042242832
-0.07573149
0.11753175
0.048578616
0.034346025
-0.05430834
0.034253076
-0.058675632
0.03885021
0.011886061
-0.03854921
0.059622012
0.025698656
0.009449447
0.009669197
-0.024481414
0.03245735
0.08399911
0.054929975
-0.04466974
0.07024216
-0.014194161
-0.007359124
-0.045271847
0.26588333
0.016012644
-0.11494877
-0.04260424
0.10423072
-0.0029061644
-0.04218608
-0.11913206
-0.05155406
-0.004901535
-0.01690336
0.06324365
-0.11554687
-0.03746747
-0.04751779
-0.020208873
-0.0710946
-0.06676292
0.04536671
-0.07134045
0.09743099
-0.14236724
0.023775665
0.07523826
-0.11141123
0.011125473
-0.006677142
-0.023079863
0.007073645
-0.026919369
0.05169517
-0.079916574
0.082925685
-0.09706498
-0.03571481
-0.025486095
0.09517228
0.10311291
0.050987415
-0.07945609
-0.094240114
-0.060717184
-0.0517289
-0.057960525
0.057213962
-0.06940888
0.07937153
0.17142019
-0.06063405
-0.03226303
-0.013264335
-0.04544283
-0.15238959
0.13713919
-0.13263671
0.023185128
0.0018569494
-0.09268132
0.028015286
-0.021276103
-0.12814002
0.08776777
-0.06645196
0.093449995
-0.034786906
-0.0023651961
0.013728749
-0.014917485
0.06787875
0.058095064
-0.014704042
-0.04157287
-0.034253035
-0.07683958
0.07913654
-0.039996695
-0.034125894
-0.08864123
-0.07426248
-0.08296861
0.031837035
0.0065097357
0.01981763
0.025425836
-0.079667345
0.0021453311
0.027548924
0.047439296
0.032839157
0.026276901
0.0740716
-0.04017437
-0.06376389
-0.05830257
0.026199028
0.11564454
0.15533896
-0.07774275
0.0934183
0.08004373
0.022473503
-0.151819
-0.008158863
0.037190344
-0.067912884
0.08682891
0.015094918
0.057678204
-0.05501795
-0.0443508
-0.079021305
-0.05905534
0.03009193
-0.04777328
-0.07462813
-0.031620834
-0.014445593
0.0001845327
0.036480144
0.004311672
-0.09972951
-0.05676942
0.09675198
-0.00061180844
-0.019221365
-0.059280396
-0.09409292
0.08522244
-0.004481588
0.058037583
-0.04112113
-0.0417745
0.05800897
0.029958883
-0.03898716
0.012521251
0.04211651
0.18303281
-0.023530386
0.12192562
-0.008629593
0.17841105
-0.0038454954
-0.044082236
0.100433536
-0.06946542
0.0032373392
-0.0874687
-0.14199492
0.0747961
-0.07085822
-0.014386398
0.02099274
-0.10296905
0.032906678
0.08004378
-0.08465236
0.09315993
0.026739638
-0.06487362
-0.069791354
-0.0077767284
-0.048132274
-0.049773585
0.0834554
0.08761008
0.034162328
-0.013444883
0.03153074
-0.0056303637
-0.044883773
-0.057116594
0.0020798068
0.047069542
-0.044288635
0.016739348
-0.011904949
-0.09448606
0.080006495
-0.010159397
0.09718377
0.017148035
0.056067824
-0.105057165
0.046390593
0.08962968
-0.041430883
0.033840973
0.029869482
0.005755261
-0.090198934
-0.04197031
0.11666681
0.0127379
0.046162594
0.008593061
0.049951665
0.008448438
-0.16410059
-0.077158965
0.041485734
-0.038209114
-0.046984673
0.026173085
-0.009746904
0.046533767
0.057148058
-0.03670382
0.1219414
0.027865093
0.050109223
-0.055153374
0.07777796
-0.06791733
-0.036544546
-0.072350614
-0.062216282
0.07555966
0.007456315
-0.0064457925
0.0048675667
0.028869102
-0.027018607
-0.02938062
0.02294475
0.031606
0.030702537
0.08637958
-0.008043874
0.049368512
0.08423178
-0.014613539
0.12410129
0.036356166
0.020121802
0.031033583
0.08360916
-0.11426375
0.13023014
0.107283466
-0.040691085
0.090998724
0.06883404
-0.06947042
-0.033734683
-0.060861703
-0.1770792
0.121754654
-0.08896804
0.11654972
0.041824088
0.022158535
0.08443836
-0.018579867
-0.06143825
0.005591142
-0.03830817
0.048487566
-0.058081623
-0.05345909
-0.048392083
-0.026991924
0.080052584
-0.050550893
-0.020649616
0.07091046
0.08639269
-0.049584143
0.11806359
-0.06629059
0.04607676
-0.035215065
0.0022978042
-0.0067052324
0.040858407
-0.07261064
0.054727226
-0.01016151
-0.058127705
0.0058781817
0.23382264
0.18863957
0.037555613
0.03751173
-0.07697225
0.017049318
0.07794192
-0.038825486
0.08940757
-0.1308623
-0.025253523
0.06067983
-0.12800568
-0.06343357
-0.023103151
0.07167736
-0.065396816
0.0043912698
-0.019945996
0.056869138
-0.025630623
0.029608749
-0.07308926
-0.08162653
-0.021090196
0.038055
0.03116088
-0.026595842
0.10544961
0.015011419
-0.012831737
-0.03688579
-0.08151132
-0.041758742
-0.010754884
0.111411184
-0.020656059
-0.047405113
0.06372035
-0.013128982
0.075412616
-0.098075695
-0.009259688
0.043852806
-0.053212892
0.03139646
-0.09743205
0.054555338
-0.0063134315
0.121430725
-0.049177505
0.0123465145
0.05258244
0.011705725
0.08556432
-0.1748107
0.008930976
0.0328798
-0.043206014
-0.1140866
-0.09752599
-0.14374518
0.078035235
-0.05800782
0.040551525
0.028929194
-0.088886134
0.00052643544
0.07540062
-0.048393022
0.011820168
0.023068782
-0.049657386
0.004384083
0.0405578
0.095403545
0.056177955
-0.10701324
0.0777534
-0.010575933
-0.030674947
0.07730292
-0.078878134
0.07375916
0.0036617317
-0.06720908
-0.017481662
0.19617437
0.0788742
0.050814185
0.05721479
-0.06507779
0.022713996
0.037797
-0.008334299
0.002128223
-0.07143572
-0.011228261
-0.052114446
-0.06090022
-0.025732445
-0.04774085
0.11160191
0.0114875855
0.048166256
0.13152486
-0.10584013
-0.16489682
-0.026708355
0.05173702
0.08888885
-0.035621285
-0.020426692
0.060063034
-0.03315878
0.19377382
-0.048442885
0.015736742
0.067787796
0.023926964
-0.06909971
-0.06376402
0.059398264
-0.07274794
-0.081746474
-0.02096589
-0.06707052
-0.06253912
-0.031922385
0.05294543
-0.02056257
0.005934918
-0.066633895
0.063097015
0.059760883
0.12222414
-0.020231716
0.093771525
0.0040002796
-0.014369323
0.0017342767
0.0022956363
0.043152936
0.011000055
0.04908059
0.04217024
0.025351057
-0.03406525
-0.08356383
-0.2612584
0.18093793
-0.008690675
-0.022453623
-0.037690107
-0.039601494
-0.07715489
-0.00935877
-0.00019560607
0.05026955
0.16529179
0.06894208
0.17886935
0.0416773
-0.05025811
0.08224071
-0.04772737
0.07658638
0.056587607
-0.030508168
0.043569792
0.10328904
0.0035270432
-0.05169675
-0.0919648
0.06904405
0.039352555
0.0307603
0.002103887
0.052139558
0.08944305
-0.07816242
0.011092789
0.10539318
0.04869219
0.086189985
0.06975751
0.09608719
-0.07653085
0.038689736
0.018995456
0.0006508076
-0.11662598
0.03612216
-0.11021225
0.0032021478
0.049873043
0.056403738
-0.02328806
0.14559977
0.045852456
0.025240868
-0.12250769
-0.13033178
0.06986415
0.0354143
-0.083204776
-0.033157162
-0.048171487
0.058710165
0.0652136
-0.07285395
-0.0018461526
-0.033978026
0.092037
0.081310265
0.07017645
-0.021433877
-0.04349099
-0.0012780867
-0.061868615
0.008354027
-0.04520075
-0.025161289
0.019780083
-0.066031225
-0.01618291
-0.06496347
-0.0052838307
0.025926957
0.060190175
0.023534633
0.104185276
0.014182194
-0.09152368
0.026876152
-0.020025056
-0.07489788
0.07960857
0.041859657
0.0168781
0.1983924
-0.11818933
-0.023192527
-0.00066470145
-0.08705888
0.09058019
-0.025438102
-0.026767436
0.030938903
0.09865104
-0.062038835
-0.021477057
0.021197343
0.12702058
-0.066173844
0.051792808
0.023395026
0.016766964
-0.015930997
0.17111836
-0.00057200366
-0.07710044
-0.050326675
-0.057153497
-0.07600084
-0.043073066
0.0028988568
-0.050455183
0.06756604
-0.19842003
-0.028013911
-0.082609594
0.09443607
-0.0017044543
0.07914629
0.022181723
-0.012291695
-0.012312301
0.102966905
0.06841573
0.07850506
-0.026890282
-0.05225055
0.08972437
0.052999534
-0.07273683
-0.027071968
-0.11168148
0.20246948
0.031462606
-0.07250301
0.18471767
-0.035707645
0.04694888
0.120570585
0.02912873
0.04875437
0.13792534
0.050013497
-0.04060761
-0.008664798
-0.016411217
0.02260286
0.01052107
0.0044535007
0.04190166
0.027456824
-0.008399292
0.0069558294
-0.084771834
-0.06035846
0.04269099
0.04385109
0.061924435
0.015159166
-0.072985895
0.013684405
-0.065132946
0.028696625
0.0762882
0.08717901
0.09789196
0.08271144
-0.06467393
-0.02820393
0.09365732
-0.010636563
0.17687395
0.028080307
0.08858046
0.09520954
0.021557203
-0.0051832898
0.06737195
-0.00031788702
-0.04664923
0.26857427
-0.09624084
-0.06020127
-0.00094473496
0.0024193814
0.067602195
-0.054131463
-0.077901915
0.081863545
-0.04031683
-0.1577171
-0.014697109
0.032288063
-0.13488701
0.1334501
-0.024426166
0.09108058
-0.05232944
-0.03194167
-0.001021435
-0.06677478
-0.01531741
-0.043378457
-0.038439147
-0.016770283
-0.044044606
0.032497846
0.06239215
-0.04658309
-0.10642697
0.03657286
0.0056274566
-0.03687329
0.015932793
0.031397294
0.04347846
-0.07074583
0.077607214
0.12826799
0.13054226
-0.02232356
-0.055737305
-0.08870497
0.10605429
0.091342196
-0.07272542
-0.050035562
-0.053092085
0.013138828
-0.06218178
0.012074741
0.018653966
-0.027929341
-0.0016730111
-0.083584026
0.29849803
-0.051134415
0.0695412
0.008952525
-0.17337802
0.00055079156
0.022978442
-0.053102292
-0.04621673
0.024206273
0.05041086
-0.033699624
0.017116398
-0.068612
-0.04757174
0.00021524982
-0.020012539
-0.0081297895
-0.06055942
-0.00831968
0.023225918
0.011882263
-0.059467983
-0.022511661
-0.03712234
0.010435513
-0.021837587
-0.06707699
0.11572449
-0.077811934
-0.020228768
0.10888997
0.08616864
-0.008745304
0.0762147
-0.07283706
0.016532011
-0.072083585
-0.06675131
-0.0064359205
0.0095331
0.045461003
-0.08091192
-0.010480836
0.034050435
0.025733305
0.05294445
-0.084237784
-0.005643939
0.13671494
0.076083146
-0.0136003075
-0.23674807
0.0026625704
0.046461415
0.09634302
0.09149691
0.07007918
0.09665312
0.021776758
0.018558431
0.015240205
-0.00822546
0.031312346
-0.06295879
-0.014849782
0.026731906
0.023998354
-0.0422052
0.040353637
0.01314907
-0.0030136325
-0.018531695
0.07524619
0.02650169
-0.040210303
-0.035249233
0.009352419
-0.03972507
0.16073607
0.1301
0.023298325
0.05946966
0.02146863
0.04685616
0.028100474
0.013275176
0.046909142
-0.03977252
-0.03009288
-0.048679665
0.056759305
0.05718176
0.08254771
0.13526914
-0.08935939
-0.116276294
-0.02052263
-0.048891373
0.05656714
-0.12033746
-0.044318937
-0.022127016
-0.05791906
-0.050232306
0.0529004
-0.02254868
-0.0338227
-0.03814486
-0.08376312
0.034901742
-0.06577926
0.009878494
-0.032284465
0.03849956
0.015931834
-0.016765323
0.09506018
-0.056824755
-0.03117529
-0.087444305
0.055154566
0.09370731
-0.051331166
-0.072889306
-0.060177132
0.06859534
-0.022925396
-0.120894425
0.0387193
-0.10271425
-0.0041809953
-0.084245585
0.047661908
0.025173178
-0.021439299
0.0440145
-0.08919749
0.07245738
0.059023153
-0.06577098
-0.006027544
-0.1093127
-0.077499114
-0.014329184
-0.0041586366
-0.100762375
-0.022931015
-0.094617955
0.00959394
-0.031071832
-0.22622085
0.042048093
0.012483956
0.058023944
0.07934042
0.11158305
-0.031566586
0.06103131
-0.06413706
-0.017612515
0.06819268
-0.032001395
-0.07471854
-0.042594
-0.009110711
0.1009344
0.03174252
0.013413363
0.011713767
-0.0246481
0.05199568
0.022461437
0.08506937
0.031332918
-0.03697836
0.14300947
-0.025282554
-0.062458
0.010741131
-0.03887256
0.032992385
-0.00092377665
0.02326421
0.10219304
0.14411637
-0.090416975
-0.011241459
-0.002173232
0.015222985
0.030461898
0.041579198
0.12525572
0.042208683
0.038778093
0.11945199
0.079666644
-0.115402184
0.041619133
0.0040509133
0.0638495
-0.0076180743
-0.020814242
-0.029144546
-0.0055617564
-0.063340046
-0.06872932
0.035280958
-0.060189743
-0.03946541
0.08988857
-0.014254886
-0.06833761
-0.0020274078
0.024497123
0.031057758
-0.04786407
-0.005348149
-0.030106613
-0.054095004
0.053515386
0.09783565
-0.0685775
-0.11298328
-0.038388312
0.052804373
-0.13979456
-0.039322034
0.053598132
-0.016678853
0.062471632
-0.06808885
-0.04133098
0.0494051
-0.097560234
0.052918777
-0.03254551
-0.0223902
-0.062711276
-0.17348877
0.057181597
-0.10359262
0.17826092
-0.043372698
0.18434726
0.1775933
-0.08643256
-0.003847047
0.091032594
-0.084663905
-0.040229373
0.06918814
-0.004056483
-0.05545602
0.064970836
0.040076453
-0.0926415
0.0060197143
-0.03706448
-0.012901105
-0.120225936
-0.023212556
0.0033312791
0.011546836
0.028944654
-0.09669887
-0.010520731
0.06294761
-0.0738812
0.03142943
-0.010667042
0.02917589
-0.12726179
0.015084629
-0.04021962
-0.009678128
0.068208255
-0.0020029217
-0.007985212
-0.051556837
-0.059673607
0.02541009
0.015815733
-0.02602154
-0.010023958
0.08406872
-0.060905952
0.11185467
0.06667759
-0.20862867
0.041964494
-0.024615804
-0.0015469585
0.042599324
-0.03705965
-0.119606815
0.10676915
0.075624794
0.015680367
0.00479487
-0.03177841
0.009367041
0.0016436824
-0.08181505
0.0763677
-0.09240305
0.044367764
-0.08224224
0.01636957
0.037646413
0.02620035
-0.003659814
0.03856166
-0.013778291
0.052825253
0.023092855
-0.060389675
0.018926984
-0.03030783
-0.039023504
0.14211293
-0.06370822
-0.0067876135
-0.082886584
0.064397335
-0.067544855
-0.014960149
-0.06617777
-0.062405203
-0.1884807
-0.099824
-0.05174374
-0.134543
-0.006144736
-0.010630366
0.014057081
-0.09178297
-0.0010475448
-0.048183765
0.023951912
-0.027911006
0.052775893
0.019635975
-0.017448373
0.01673366
-0.042734127
0.0011598979
-0.084292494
0.06575201
-0.014204741
0.055641413
-0.06804806
-0.03946629
-0.031630624
0.0868463
-0.087076075
-0.07510982
-0.042764805
0.0021637192
-0.016450139
-0.02605683
-0.16631173
0.025134867
0.063635655
0.007130959
-0.005876401
-0.035483114
0.026055383
0.0016428059
-0.022669202
0.018360015
0.024519173
0.072516195
0.027536418
0.0712356
-0.057037435
-0.11327119
-0.0029664254
0.05210995
-0.10012263
0.15714762
-0.1699602
0.014072476
-0.0969967
0.12273618
0.16603976
0.0060741007
-0.069153905
0.045061465
0.120701514
0.18967055
-0.1602599
-0.03236416
0.04762603
0.092142984
-0.003267535
0.04871902
0.09453877
-0.06666314
0.03461118
-0.07656595
0.0029667318
-0.046401605
-0.032946948
-0.077745266
0.030801699
-0.01900536
-0.17110449
-0.029899979
0.047615472
0.13254693
0.09570143
0.016803196
-0.031733613
-0.026220076
0.024916403
-0.20279248
0.056743182
-0.050631396
-0.11806719
0.044843286
-0.033505037
-0.08556608
0.055331923
0.030939179
0.10456267
-0.07116462
0.07812652
-0.13835266
0.019786626
0.07436843
-0.016035086
0.16324994
-0.034414463
-0.0048724585
0.011932725
0.123310775
0.022978805
-0.035708975
0.03425158
0.102558285
-0.04279686
0.13737774
0.069658116
-0.028310085
0.121456556
-0.023191024
-0.10355608
-0.07851619
-0.09409687
0.044798058
-0.08261309
0.034892943
-0.04283544
0.02098606
0.0069062896
0.018096808
0.09356522
-0.049645286
-0.06049385
-0.086988956
-0.029419634
-0.0025226416
-0.10404662
0.034524266
-0.075235195
0.007939693
0.031380747
-0.05254158
0.011146152
-0.030020483
0.07514173
0.040754348
0.0073851836
-0.0812532
0.09016404
-0.048200663
0.009818234
0.09825495
0.049640242
-0.11594626
0.069701575
0.07798487
0.028685959
0.10962064
0.07719447
-0.096480705
0.11833739
0.0055445028
-0.030668793
0.1388145
-0.07695643
0.08602497
0.08258128
0.013023027
-0.06453416
0.033673044
-0.02829508
-0.054430634
-0.041084927
-0.051668167
0.06429442
0.0019980767
-0.04306297
-0.04403884
-0.009318812
0.046679374
-0.01680264
0.11157658
0.018588882
0.06547317
-0.05884543
0.093067795
-0.07393308
-0.08405323
0.008020994
0.01700507
0.06899034
-3.0649448e-05
-0.008052222
-0.13111155
0.05584971
0.005614827
-0.04642355
0.077084176
0.02849684
0.022436045
0.03186996
0.09705727
-0.078089565
0.035244554
-0.03803551
-0.06750993
0.059399754
0.053790588
0.046630725
-0.04801526
0.010260787
0.07638544
0.099944025
-0.0619079
-0.11005456
0.0448599
-0.078691736
0.033675957
0.04803244
0.07484378
0.00518899
0.047727138
0.055053167
0.03482325
0.00933599
-0.073109195
0.015910724
0.078153275
0.006467173
0.12669092
0.025071245
-0.06651534
-0.0004032318
0.1069319
0.067232594
0.0028614637
0.009163864
-0.056043524
0.019077012
0.05914275
0.06398355
-0.019545576
0.18537523
0.057726137
0.014940322
-0.09274088
0.0021491146
0.18717434
0.09144559
0.08509746
0.057167273
-0.074371114
0.037586577
0.09024822
0.057939876
-0.15369679
0.12539367
0.04758188
-0.010038952
-0.029383326
-0.03605311
-0.072958454
-0.017934479
-0.020624788
-0.047285654
0.059867863
0.09607917
-0.056911852
-0.08321615
-0.048162546
0.08814006
-0.071664274
-0.09617669
-0.06003684
-0.063471764
0.09387688
0.06870583
0.09002991
-0.007200449
0.055181183
0.087920524
-0.07424112
-0.03016084
-0.08174611
0.07779487
0.0250768
0.10739774
0.11064638
0.033934236
0.0512234
0.1997222
0.11158928
0.15630598
-0.012052912
0.023926005
0.1397705
0.07610884
0.071289584
0.023597158
-0.024891859
-0.09523989
-0.1421501
-0.058802117
-0.0991532
-0.14356405
0.01013417
-0.019197788
-0.023853261
0.03396245
0.0034273088
-0.004812423
0.00617822
0.07364941
-0.041826524
0.07583117
0.06110336
0.10802203
-0.033705182
-0.048420876
0.020599293
-0.13788305
-0.002783779
-0.10351488
0.045799065
-0.019527009
0.11165328
0.014907535
0.024326311
0.057144653
-0.12000737
-0.009965713
0.06705727
0.009837857
0.07248012
-0.053003863
0.10425819
-0.01522771
0.058375187
0.047939945
-0.035159525
-0.0073858122
-0.20259349
-0.15281007
-0.039962545
-0.23211727
-0.044121265
-0.007626887
-0.07333976
0.005618212
0.12290608
-0.07697807
-0.20603582
-0.08693897
0.09600698
-0.055783555
0.05625255
0.014290069
-0.055692874
-0.07912821
0.012171281
-0.05620456
0.08407974
0.10017031
0.048147343
0.057976242
0.01435824
-0.03412604
-0.02682688
-0.08676965
0.06814592
-0.15832849
-0.08106
-0.007567582
0.096772306
0.110125706
0.022298476
0.064612016
0.07091029
-0.049427986
0.043903325
0.0076668495
0.095431976
-0.013292861
0.0677475
0.006694721
-0.081484675
-0.022074345
-0.015696524
0.21476395
0.027078418
0.001242533
0.023249282
-0.05833427
0.10688714
0.060633473
0.011524826
0.06078848
-0.08482085
0.1300159
-0.12145208
0.0306294
-0.017015975
0.101197235
0.029946133
0.07404363
-0.10045999
-0.12283358
-0.029903898
-0.029269971
0.02553441
0.08993825
0.04808306
-0.06928252
0.055307224
0.056538664
-0.101444036
-0.0104539525
-0.0023654157
0.017359272
0.05306363
0.041107304
0.050445348
0.020231698
-0.07651093
-0.035297267
0.022779806
0.118800126
0.040757366
0.029938912
-0.026964076
-0.041767642
-0.011381748
0.0010392334
-0.08639346
-0.012875627
0.09722025
0.01790834
0.08089832
0.09745404
-0.08882385
0.189561
0.001066222
0.11047609
0.0075316993
-0.004713584
-0.13014029
-0.02592539
0.08715738
0.056685094
0.059756827
0.06973166
0.026831726
-0.024158053
-0.014453627
-0.072143316
-0.043308634
-0.048610575
0.04739402
-0.05864361
0.063365646
-0.02593122
-0.026296899
0.09620988
-0.11909257
-0.12897912
0.03731935
-0.067967705
-0.02517762
-0.05567193
0.032622438
0.04238845
-0.07412908
-0.05046138
0.042809226
-0.04690791
-0.068167344
-0.04869552
-0.057601523
0.04903545
0.07153165
-0.05551764
0.021308314
-0.058091808
0.016812917
-0.05803223
-0.018134758
0.14242703
0.03729937
-0.019709136
0.011874798
-0.016932204
-0.0033575478
-0.05639305
0.012125224
-0.025664233
-0.17645389
-0.09510766
0.1554967
0.08046439
0.08815373
0.024708625
-0.028574299
-0.010869193
0.10041623
-0.046092298
0.059478913
0.03669272
0.019060783
0.06453763
-0.11151914
0.11375794
-0.06489346
0.029796984
-0.0015727349
-0.046208367
0.0341496
0.04611276
0.007014492
0.10189217
-0.081492744
0.018155575
-0.0008972997
-0.013410897
-0.103428885
0.07431916
0.116538875
-0.011651016
-0.06494967
0.06869513
-0.1122322
-0.05482746
-0.06293081
-0.04451835
-0.034902874
0.09370271
-0.016408697
0.057713896
0.10603386
0.09097987
-0.14356638
0.06590573
-0.00026248372
-0.12464163
0.12847474
-0.04140275
-0.1307594
0.020202126
-0.06294964
0.047877584
-0.019209756
-0.022373542
-0.037390444
-0.04968686
0.018143384
0.08751051
0.036546588
0.045905918
0.045703296
-0.0032008612
-0.14606327
-0.03926637
-0.041829497
-0.0010112937
-0.068248585
0.06953713
0.10355913
0.08640604
0.05011
0.0017329067
0.07150719
0.10589618
-0.0153377205
-0.02569304
0.07283475
0.012482396
0.10161547
-0.0030830107
0.03946937
0.20467691
0.0046579866
0.08585393
0.055011068
0.045501534
-0.099381916
0.099075966
-0.017045133
0.14778997
0.05319031
0.023471516
-0.21509562
-0.0036005625
-0.064910896
0.04574623
0.11646989
0.10140812
-0.037352134
-0.052737642
0.075247265
0.024127185
-0.046981886
0.07077335
0.0071457457
-0.061695173
-0.00254162
0.050436277
-0.06418382
0.056178793
-0.1351494
-0.14512847
0.04564158
-0.054053668
-0.011968597
0.033681422
0.05423213
0.0059053674
-0.080034256
0.052133877
-0.030486327
0.113293484
-0.07962073
0.0069496
-0.03354808
-0.015627913
-0.060576968
0.016683016
-0.059177313
0.10896394
-0.0447852
0.09967235
0.141125
-0.11575404
-0.03457879
-0.23633502
-0.06519739
-0.17334461
0.027207015
0.026619045
0.10710876
0.08170816
0.105630755
-0.015230131
0.017858276
0.097557805
0.08847086
-0.063957386
-0.09877407
-0.0067060697
-0.030137315
0.0037690857
0.06994518
-0.02498391
0.054646738
0.0078692585
0.015959505
-0.00963915
-0.00056023546
-0.08449449
-0.0077922433
-0.04862477
-0.04306795
0.0634578
0.07207871
-0.017679097
-0.012655263
-0.049928658
-0.030434031
0.046142112
0.027873505
0.09258894
0.022362677
0.10466599
-0.0054349536
0.02444993
-0.081443615
0.022682602
0.07587477
0.14242895
0.10204548
-0.11530785
-0.04625356
-0.07841894
-0.17591138
-0.09278005
0.043898627
0.10229312
0.08559759
0.13488305
0.022712946
-0.028171469
-0.112439394
0.102677666
0.050531987
0.11262491
0.07786708
-0.0018506587
0.05774104
0.06529051
0.11667117
0.032725736
-0.005700538
0.13426237
-0.10792652
0.11817321
-0.05046574
0.06789408
-0.044296533
-0.015003883
-0.061345633
0.010525833
0.022116333
0.061498534
0.0049822694
-0.0056592827
0.042223405
0.10118078
-0.07154037
-0.076406054
0.033960126
0.07417843
0.033958323
0.0050715883
0.011661108
-0.020558607
0.11849329
-0.12997323
-0.081574164
-0.12812662
-0.16833523
-0.06893428
-0.14080735
-0.013044708
0.026438449
0.0003773951
0.14181364
-0.041355498
0.17124107
0.0013136055
-0.116971895
-0.020209149
-0.0044982033
0.03729472
0.08186928
0.061578766
0.078785524
-0.09992318
0.018487193
-0.024005825
0.076398075
-0.0024086582
-0.11237057
-0.028576588
0.07284592
0.0705459
0.017142052
-0.12355054
-0.0068306443
0.1322149
0.07653194
-0.03467968
0.09380622
0.054119926
0.018967217
0.06928674
-0.044473525
0.045257054
0.04472569
0.02611073
0.05196181
0.08858383
0.036863334
-0.05781231
-0.08428659
0.025467012
0.3833837
0.040402815
0.011740272
-0.10089864
0.13816632
-0.04256334
-0.019181015
0.2125973
0.061214376
0.09532494
0.051639177
0.15605983
-0.022627061
0.010286512
0.077883065
0.07453892
0.08304109
-0.06714075
0.12288329
0.021858772
0.11294273
-0.046770293
0.12540609
0.050488416
-0.055962674
0.099321164
-0.050842673
-0.08728871
0.019459791
-0.038401462
0.056824606
0.12797606
0.10130456
0.040498406
0.07376065
0.057235498
-0.004307814
0.05614208
0.01642432
0.008360563
0.060859922
-0.008888913
0.052464
0.062332787
-0.05944025
0.024356209
0.06729474
0.14163423
0.19836357
-0.077821895
0.10246289
0.035031766
0.08736569
-0.03796348
0.1551649
0.078399815
0.06521923
-0.058570676
0.10667453
0.17581595
-0.1010826
0.10844115
0.118704304
0.101571776
0.094105974
0.11825482
-0.06309064
-0.048064746
0.027449125
0.022420734
0.14374214
0.07757768
0.046376448
0.063866705
0.06498098
-0.037281945
0.0057588075
-0.02852653
0.071505494
0.10403125
0.06393955
-0.08968921
0.1202937
0.05131918
0.05801821
-0.053420026
-0.050668754
-0.04777445
0.03470989
0.0450371
0.1047718
0.075817846
0.08058006
0.04486691
0.016509606
0.13806783
0.09108228
0.051181447
-0.0073246863
-0.015351961
-0.027741604
0.06463935
0.22563748
0.0018865747
0.10942122
0.14975618
0.0723751
-0.052399464
-0.034949016
0.087662004
0.013441948
0.00993893
0.14943695
0.047334168
0.07952134
0.06826164
-0.0025142515
0.009540791
0.09655749
-0.028674753
-0.051751774
0.10928767
0.109810226
-0.0058690994
0.033206828
-0.095903896
0.10126268
0.0071594156
-0.05680644
0.027815588
0.02822449
0.013388685
-0.059527777
0.049086455
0.056328114
0.0031316953
-0.04056262
0.08301363
0.11644127
-0.00027600894
-0.06499937
-0.07278964
-0.14043476
0.22402829
0.029864717
-0.0071823457
0.040110037
-0.11012546
0.0053317053
-0.046858463
-0.06964412
0.19371104
0.18706492
0.25292724
0.12645552
-0.02586932
0.078249894
0.10198305
0.11145
0.026571207
-0.04012148
0.04771846
0.10305713
0.0024372658
0.03858935
0.109323554
0.07364489
-0.04386852
-0.11782269
0.10587476
0.037910722
-0.0040681
0.11077517
0.012528856
0.03738866
0.0897771
-0.0070882933
0.09666724
0.089145966
-0.041861415
0.12020836
0.10009223
-0.09323648
0.0593329
0.04535753
-0.03098304
0.10528603
-0.049011435
-0.05536924
0.04804454
0.030107686
0.14858446
-0.07073132
-0.0753609
0.04638817
0.035929956
0.078956775
0.09096348
-0.062157713
-0.04255711
0.11200702
-0.057983194
0.075265944
0.123689435
-0.10688962
0.10587684
0.09225408
-0.046046086
0.068095036
0.011983525
-0.057869412
0.046060666
0.004109847
0.061136227
0.11373831
-0.030879477
-0.02480526
0.048321407
0.003194584
-0.09429336
0.08793382
-0.096013434
-0.013904498
0.02528192
-0.036394157
-0.02920805
0.08027638
-0.06485684
-0.021960398
0.05278595
-0.09884578
-0.04891833
0.05891232
-0.03381897
0.06931656
-0.01096963
-0.03180786
-0.03625855
0.07403474
0.023132239
0.047568895
0.15093148
-0.04863313
-0.01930401
-0.11481099
-0.013484902
-0.055081215
-0.07389442
-0.014697917
-0.027446058
0.051284965
0.11216583
0.106998466
0.013279941
-0.030073842
0.049380735
-0.033110455
0.022967145
0.03631724
0.036731526
0.015508794
0.05244239
-0.016009398
0.04972201
-0.14362602
0.06303327
0.06485997
-0.09362907
-0.045617662
0.015967485
-0.055857338
0.15241615
-0.055653967
0.011245362
0.01314311
0.08045769
0.06287149
0.09127802
-0.04783194
0.10043223
-0.06935996
0.06796517
-0.040465772
-0.025268149
-0.048547555
0.059144896
-0.015375433
0.23563385
0.1537971
0.1266746
0.06795846
-0.0019792484
-0.014430716
-0.091243364
-0.008275632
-0.008196337
0.029297348
-0.008616281
-0.14458881
0.11719285
-0.11931835
0.041526575
-0.001912217
0.078211345
-0.016005384
-0.00891999
-0.076906085
0.060972422
-0.035234418
0.12432427
0.029932601
0.17136861
0.029494166
0.051801
-0.077258125
-0.057264667
0.0010674314
-0.0775179
0.0016674222
-0.08753986
0.02591349
-0.033684976
-0.08512039
0.10181115
0.08278751
-0.006666605
0.11294309
-0.12018636
0.029316314
-0.04262291
0.079330325
0.07996989
-0.1082411
-0.056703914
-0.09374427
-0.1143507
0.018826986
-0.004869753
0.020899516
0.08107579
-0.15674359
0.042997763
0.032489948
-0.13471073
0.020815289
-0.13734433
-0.11343332
-0.100378305
0.007888768
-0.0179903
0.026938455
-0.038508512
0.023322111
0.076468356
-0.04614679
-0.016668703
0.079146095
0.07151078
-0.04047469
-0.0207076
-0.048054826
-0.059142783
-0.027153771
-0.03570098
0.051572803
-0.103234254
0.12264771
-0.07225125
0.030242965
-0.013225975
-0.11975241
-0.08969149
-0.009144884
-0.05871899
0.15319861
-0.013423831
0.011113666
0.056703396
0.002669509
0.013641404
-0.13983868
-0.11315269
0.08506869
0.033667933
0.0067248335
0.010402647
0.06426135
-0.12533827
-0.017040575
-0.027902365
0.11262433
-0.15183863
0.11883412
-0.09406516
0.0021744554
-0.053627342
-0.051101614
0.074387744
0.13780165
0.07140596
0.028089365
-0.02709672
-0.06482327
-0.02016168
-0.012147009
0.015343313
-0.0684441
0.14957932
0.07998473
-0.093932904
-0.14255159
0.05617868
-0.09317607
0.00984505
-0.015475332
0.07442775
-0.030240707
-0.015577683
-0.020510875
0.057066277
0.023570478
-0.039612055
0.013956803
0.0028888052
-0.045067016
0.069184706
0.048850507
0.04089411
0.012891261
0.0138726365
0.0018680189
-0.013016591
0.1433657
0.053504135
-0.038831893
-0.029991018
-0.059322745
-0.060147416
0.06872956
0.15610044
-0.16552539
-0.0352597
-0.11364261
-0.011875629
-0.12477712
-0.028649203
0.15024212
-0.06758159
0.052304406
-0.03987665
0.022637513
-0.049042087
-0.03427136
-0.024305582
0.047273636
-0.006956665
-0.07927428
0.08793586
-0.05159952
-0.119490534
0.03018016
-0.062140934
0.058354385
0.020198181
0.11020293
0.062079895
-0.03588114
0.052184314
0.10959797
-0.089852415
-0.08254125
-0.09953617
-0.022113014
-0.036150817
0.03347673
-0.001643787
-0.055284757
0.028517205
-0.038426112
-0.023528397
-0.07350264
0.03687569
-0.078533016
0.0017078726
-0.07552646
-0.011859411
0.26115075
-0.010758081
-0.053385448
0.12333173
-0.08520002
0.05040548
0.030433388
-0.05458969
0.0076568616
-0.033116367
-0.023152906
0.040691234
-0.053563874
-0.07939105
0.091981724
-0.040591586
-0.035646856
0.023851674
0.012323698
0.040129486
-0.0117434375
0.011103934
0.008687149
-0.022092499
-0.013195338
0.02105258
0.05704636
0.012737224
0.08124677
-0.07575606
0.0864817
-0.05817728
0.03746089
-0.061009414
0.08779376
-0.08927085
0.044889655
-0.057983726
-0.1525942
-0.023750901
0.02896011
0.049001817
0.03620764
-0.0899482
0.020293258
0.024231577
0.03519088
0.12715003
-0.016788112
0.09220456
0.079503454
0.08038731
-0.07840472
0.060456786
0.20720653
-0.011855874
0.19755477
-0.053951204
0.10210826
-0.059278
-0.027361877
-0.009544294
0.099646024
0.011598227
0.02371366
0.09890384
-0.043359034
-0.095286384
-0.07749986
0.020589102
-0.094532296
-0.14389889
0.07688399
0.0076019466
0.015579446
0.08153433
0.07298648
0.06888463
0.0061292336
-0.028152192
0.016095145
-0.00032253726
0.07859286
0.02612637
0.0740575
0.061187327
-0.022885108
0.108306535
-0.00036980267
0.025896424
0.21691675
0.010259698
-0.15347384
0.077617005
0.019239621
0.032155517
-0.004156198
-0.064219706
0.05807107
-0.14037272
-0.055589043
0.040477607
-0.045137856
0.06843429
-0.013777462
-0.037772413
0.1541434
-0.0065954095
-0.012814197
-0.05440264
0.030868437
-0.036016546
-0.011410795
0.0008939005
-0.028358912
-0.07206968
0.034715805
-0.08959185
0.0359911
-0.118931875
-0.12821712
0.080690965
0.03639963
-0.10781514
-0.04468131
-0.010004695
0.123947665
0.025420869
-0.102604315
-0.113915436
0.001339203
-0.06910366
-0.027122833
0.0388341
-0.03991869
0.073691785
-0.006965115
0.15715395
-0.08047113
-0.05467949
0.10341107
0.028233817
-0.0989282
-0.19317631
-0.061958928
-0.01802702
0.018505534
-0.08328459
0.07776514
-0.11593078
-0.023272721
0.03158779
-0.04258377
0.027986767
0.06213578
-0.17771289
-0.059602823
-0.016708296
0.042745754
0.08761574
-0.061818257
0.0003354629
-0.13971724
-0.014284484
0.09110384
-0.069294065
-0.08371074
-0.16892943
-0.113705695
-0.0022952023
0.04252671
-0.031207617
-0.005330879
-0.0065252427
0.0022940105
0.047379296
-0.00090261997
0.076033
0.06369896
-0.09096686
-0.057658833
0.057043705
-0.04915965
-0.025044365
0.15850547
0.08891158
-0.0023834396
0.10158608
0.067533076
0.03688916
0.16148129
0.049474135
0.05701222
0.033138048
0.04447808
-0.035640556
-0.08569717
-0.03270784
-0.03585067
-0.013040462
0.011293527
-0.09727789
0.014924769
-0.1328055
0.034420498
-0.060164932
0.056049198
0.124802195
0.062945604
0.04519688
-0.11350711
0.016736042
-0.051050972
-0.078554526
-0.09102847
-0.058969803
-0.018775739
-0.058251485
-0.03678155
0.09203213
-0.06373021
-0.058126677
0.09008105
-0.00652687
-0.028444013
0.036074992
-0.07671243
0.012325969
-0.07969889
-0.02503242
-0.1391142
-0.10903136
0.0008478265
0.022124823
0.19674316
0.15690526
-0.052498616
0.08845932
0.20726325
-0.08959466
0.03350443
0.0050496827
0.056590382
0.057031836
-0.06817209
0.1437588
0.10449365
0.12021897
0.022695346
0.15036377
0.016396387
-0.057889335
0.08170953
0.006797263
0.04251967
0.102145836
0.06741833
0.17441781
0.00672648
0.119721994
-0.038162295
-0.021886714
-0.03149133
0.13318776
-0.00556755
-0.024918396
0.13009414
-0.011915005
-0.042065956
0.03675292
0.12618631
0.023666844
-0.015494343
0.06295762
0.017148877
0.04298528
0.11987563
0.10540063
0.01060974
-0.018736066
0.16462244
-0.078150444
0.016448438
-0.055647172
-0.14850396
-0.004855621
-0.0028908376
-0.02454576
0.1897484
-0.046935767
0.07487441
-0.028280508
-0.033661738
0.07020288
0.012749618
0.024508035
0.14934199
0.04023368
0.10880892
-0.034272525
0.070789956
-0.00087752775
0.19970405
0.09791413
0.06714178
0.0066157915
0.105330616
-0.035595156
-0.033873
0.091523536
0.05686049
-0.026639238
0.01037835
-0.053592633
-0.0048195245
0.113269344
-0.030658215
-0.024091514
0.049012914
-0.040120665
0.009969228
0.08909306
-0.006746647
0.08288967
0.05047932
0.0046108225
0.12357697
-0.079117134
0.055580378
-0.021631615
0.10906897
0.007248032
-0.016249273
0.22601037
0.028452
-0.08592968
0.1701163
0.11799198
0.17196779
0.0050120093
0.10772516
0.018987007
-0.08811236
0.123124756
0.27063173
0.018803772
0.14990175
0.096867874
-0.060334105
-0.013319969
0.162371
0.03685411
-0.023680417
0.036743023
-0.0020804992
-0.051306754
-0.09467392
0.17416911
0.07948245
-0.053765956
0.0036538919
0.061047286
-0.038563017
0.066843435
-0.060232837
0.08015827
0.11578083
-0.015392981
0.08592285
-0.0058533796
0.019922672
0.021566905
0.048840478
0.07108061
-0.0032286136
0.055279266
-0.049065065
-0.03863978
0.078272715
-0.20164181
0.0980839
-0.15249747
0.09915351
0.11353872
0.23816817
0.009889929
0.00012334564
0.19546647
0.056994457
0.14655516
-0.014552037
0.03819744
0.07203184
0.057181023
0.025736256
-0.09312547
0.11306029
0.014088728
0.0060088974
0.039105058
0.019192813
0.041328732
0.007766049
0.035134863
-0.0321342
0.016624387
0.13808948
0.03668458
0.020515604
0.075031504
0.12345713
0.14073578
-0.024055326
0.028741743
-0.018302675
0.015763931
-0.068773866
-0.09082747
0.14087619
0.07882009
0.052004155
-0.040627744
-0.026634699
0.029100107
0.12452957
-0.014084301
0.091367096
-0.06390312
0.21951969
0.025517354
-0.011827777
0.20460132
0.1520739
-0.034436185
0.02658882
0.037958693
-0.09130816
0.096823424
-0.0343652
-0.025831822
0.08660229
0.051213145
0.14271514
0.052547194
0.014013324
0.07706947
0.12723514
0.01822645
0.08236952
0.14282429
0.09388035
-0.030738454
-0.057324942
-0.050523728
-0.020122645
0.0065099844
0.07230402
0.0057398602
0.12696023
0.06005319
-0.015301441
0.050650284
0.1185348
-0.08810329
-0.02399735
0.03233107
-0.004325154
0.009896498
-0.033836897
0.01921258
-0.03337209
-0.092883304
0.0019782486
-0.04581801
0.09723221
0.14620143
0.003287062
0.06838299
0.0056517357
-0.08841485
0.1887331
-0.03876032
0.14539531
0.013149336
0.1179184
0.17496096
0.2250329
0.12597702
0.18202826
0.01557826
0.18637612
0.009352485
0.0071732854
0.04732984
0.08774891
0.12562059
-0.054025933
0.039014783
0.08080108
-0.021552201
-0.0012230505
0.1346609
0.03773382
0.021841208
0.06861631
-0.027535284
0.09875723
0.0017276392
0.0023314368
0.053438764
0.17902972
0.051239174
0.039796833
0.13769972
0.13218889
0.029099341
0.10533513
0.0281246
0.021406543
-0.051446795
0.2461183
0.20734237
0.064727895
-0.077676214
0.031154295
-0.035841156
0.060224332
0.04465834
-0.020754922
0.20575325
-0.08876097
0.06720338
0.0066508395
-0.027829291
0.050572913
0.16188304
-0.019391576
0.07520849
0.06580147
-0.09550932
0.08158211
-0.06570849
0.14251208
0.15079543
0.051365685
0.12728561
-0.038876407
0.075099796
-0.050384216
0.09000305
0.011975382
0.09241788
-0.028811147
0.08124812
0.054503497
0.06570976
0.106320165
0.017881146
5.4919605e-05
-0.063303135
0.08415588
-0.031663112
0.13488449
0.114912406
0.10740129
-0.043010056
0.06631015
0.093674995
0.022953507
0.0347323
0.23017819
0.0010278947
0.042636238
-0.123934604
0.059981626
-0.023208585
0.24719639
-0.06316941
0.1783664
-0.026925348
0.01668722
0.120259285
0.018151732
-0.036929283
0.07770858
0.13704295
0.20898512
-0.11769162
0.027650353
0.06458086
0.17071025
0.02346197
0.06143598
0.06083221
0.003197844
0.10948986
-0.0134046655
-0.058002636
0.022018427
0.08004216
0.064794056
-0.059866898
0.0029803736
0.06939047
0.03373819
0.039789777
-0.006440292
-0.07882941
-0.016632179
0.006617918
0.078444414
-0.051225223
-0.0020546562
0.09848567
-0.014384203
0.018770926
-0.048026044
0.046127662
0.04272804
0.06576951
0.20358317
-0.03272413
0.07375952
0.02552134
-0.007101253
-0.0051299613
0.05394804
0.034093395
0.10592398
0.0956092
-0.052938618
-0.059398558
0.19759248
0.055349942
0.22160012
-0.022661395
0.04999473
0.076045886
0.12947348
-0.013977156
-0.04658325
0.014666373
0.049354024
0.07789869
-0.03965715
0.11141038
0.10934627
0.100214906
0.011912444
0.019209389
0.018170688
0.06793432
0.014301966
0.11337746
0.08658824
-0.042042587
0.17203222
0.05103356
0.07922747
0.012985843
0.045015123
0.044220105
-0.102527656
-0.032390896
-0.025319183
-0.00631202
-0.122709975
-0.012018977
-0.0015338605
0.04956941
-0.10345289
0.030267237
-0.07704783
-0.018463349
-0.17611502
-0.043600958
-0.052967355
0.12622032
-0.12593357
0.09266868
-0.03742257
0.019750357
-0.09483528
-0.030297069
-0.046142388
0.012648127
0.087189026
0.055922996
-0.05802413
-0.028925015
0.059857387
0.051558048
0.0025110578
0.036138397
-0.024160799
0.091559164
-0.0036118142
0.02551386
0.006229264
0.07996858
-0.07988952
0.0014480203
-0.013296285
-0.04111694
-0.083737336
0.09212095
0.10333306
-0.023058165
0.050003648
0.03643484
0.06970146
-0.021425862
-0.08082293
0.005014419
-0.013417578
0.056359366
0.044617165
0.03755188
-0.12249854
0.054149423
0.00040942157
-0.054855008
0.022265375
-0.16576627
-0.09057049
0.019405957
-0.05426683
-0.07935882
0.06357662
-0.011727427
-0.03601105
0.009027726
-0.091859974
0.075126655
-0.04754764
-0.026602797
0.04983797
0.07143791
-0.10199243
0.05608543
-0.0017718872
0.0024761285
-0.08846212
0.11942209
0.071230344
-0.03999615
0.06961013
0.041014433
-0.10000556
0.03215364
0.047806203
0.08097551
0.060061254
-0.05861212
-0.034045797
-0.033650912
-0.08202923
-0.00763463
0.02474802
-0.056326922
-0.08027943
-0.08205336
0.03723954
0.06440439
0.034814376
-0.013756331
-0.14091541
0.008714973
0.15735887
-0.24195379
0.10769303
-0.15257703
0.097965255
-0.10481788
-0.09394509
0.01248384
-0.07846451
0.010012241
-0.018412257
0.123616904
0.012890722
-0.111605585
-0.09162171
-0.08173894
0.051786426
0.0030553653
-0.057746124
-0.0637935
0.16962466
0.011727903
0.026908163
-0.0006401919
-0.031229204
0.095371984
0.039393466
0.040014803
-0.0514933
-0.1296159
0.104099676
-0.046237282
-0.10317934
0.05750086
0.042894762
-0.07555379
-0.0626444
0.0035040027
-0.070277475
-0.21226346
0.07494889
0.008495708
0.01635189
0.048049264
0.06372257
-0.08320941
-0.11172046
-0.036922205
-0.036450814
0.009706516
-0.039593108
-0.14696611
-0.023853721
-0.04970008
-0.011943654
0.049355607
-0.069516465
0.03789818
-0.11654833
0.075179204
0.0289881
0.022200324
-0.07039445
0.040394217
-0.08067027
0.07623156
0.07136413
-0.0011736524
0.04261536
-0.027359722
-0.045389757
0.07973579
0.07128668
-0.048888706
0.09630347
-0.059847865
0.037528243
-0.10716861
-0.019027999
0.011570222
-0.08178731
-0.030910842
0.008080158
0.026663803
0.070472345
-0.04018818
-0.034749687
0.036438324
-0.001944159
0.0030870175
-0.07454019
0.15031838
0.032129828
-0.056028314
0.06315302
0.0031539027
0.09561432
0.1324685
0.06485849
-0.13212541
-0.04192055
0.024590889
0.0034990103
-0.009955857
0.07574037
0.04786597
-0.064259596
-0.047020573
-0.08544577
-0.08705895
-0.034443192
-0.012019386
-0.061144266
0.0364458
0.013254178
0.034239694
0.044474922
0.09370595
0.049505785
0.068459615
-0.0639789
-0.035945047
-0.0013188476
0.0046390556
-0.06931931
-0.10436091
-0.08421641
0.046884153
0.00081211206
-0.100239545
0.057240084
0.058285154
-0.06877979
-0.033145413
0.05750226
-0.034617867
0.097493984
-0.07185331
-0.11482245
-0.09012705
0.042499613
-0.013109783
-0.04600716
-0.072831124
-0.0018048672
-0.120920055
0.03627546
-0.076853976
0.039485943
0.09976143
0.00051702163
0.008317196
-0.018455286
0.0073902183
-0.030029716
-0.02711205
-0.049131896
-0.07632445
-0.07811736
-0.056714687
0.02298158
-0.0057910387
0.030145375
-0.053062662
0.059628144
0.016397333
0.059654348
0.07211449
0.043986104
0.029834423
-0.0833595
0.08362946
-0.033841904
-0.15138838
-0.0013105245
-0.058133285
0.07965912
0.053505436
0.033827055
-0.039485257
-0.0049457587
0.07699236
-0.044784702
-0.056621622
0.019542515
0.049702447
-0.07191715
0.09015617
0.08073392
0.106866255
0.030524423
-0.0624435
0.034387752
0.07926822
-0.021143164
-0.009793926
0.022632984
0.08714105
0.08385959
0.04010243
0.120298035
0.033085346
-0.02452269
0.051176988
-0.017308151
0.019724688
0.015476538
0.04983228
-0.042223334
0.054256484
0.13845961
-0.0010896238
-0.040616233
0.0115379905
-0.055909403
0.14735456
0.0066717356
-0.11022293
0.02197479
0.012584491
0.06779583
0.068455696
-0.045626875
-0.04417097
-0.015837792
-0.06951253
0.10295097
0.041988704
-0.05587204
0.039153297
0.038092468
-0.13362847
0.04538329
-0.0034147047
-0.026254501
0.05805804
0.00039195854
-0.24053913
0.10886483
0.087588765
0.023451928
0.011990465
0.073521525
0.09624894
0.011200263
0.024338253
0.027290922
-0.0006244472
0.14440411
0.08440088
-0.03873878
0.10913649
-0.028573561
-0.07745532
-0.020380767
0.0004559126
-0.022198582
0.13041042
0.090961896
-0.058071684
-8.881281e-05
0.11677743
0.0668772
0.1163787
0.060832206
-0.091893815
0.08530193
-0.06000214
-0.06729672
-0.09225062
-0.08956597
-0.08623257
0.051911242
-0.018344752
0.032293394
0.053307798
-0.00082372176
0.06668339
0.024927681
-0.063106984
-0.1846332
-0.09735549
0.04419778
0.111578725
0.12375121
-0.18329968
-0.10425195
-0.06474489
-0.018849457
-0.015140556
0.13985693
-0.026849747
0.18014725
0.07228664
0.12930296
0.03478772
-0.038831368
0.0161606
0.0066185743
-5.9357404e-05
-0.019640874
-0.07887635
-0.033806894
-0.06526811
0.020483123
0.058495313
0.058147665
-0.058750566
-0.0791858
0.06204261
0.0735678
0.021593576
0.03320882
-0.030323463
-0.010500048
0.026104089
0.047754645
-0.03260831
-0.07569844
0.09696556
-0.023648668
-0.018300831
0.029892098
0.022213895
-0.04590447
-0.08330921
-0.0627503
0.06273662
0.0008408163
0.17860821
-0.11314533
0.0101863565
0.01696164
0.08794742
-0.014595379
-0.014723968
0.052212432
0.004200614
-0.14672934
-0.21465541
-0.03868812
0.10626219
0.068445556
-0.10242046
-0.00552211
-0.097655855
0.022674054
-0.040389698
-0.0042590764
0.0057084686
-0.032879397
-0.06897437
-0.042127278
0.022644494
-0.00952547
-0.008080304
-0.03809792
-0.111924775
-0.0971777
0.09060223
0.034943264
-0.09322662
-0.05273438
0.009319478
0.03562041
-0.070812024
0.0058083315
-0.13445936
-0.043576404
-0.017647501
-0.023423582
-0.0731249
-0.12953067
-0.067094654
-0.16529496
0.08037955
0.047944687
0.0570369
-0.18216962
-0.06390406
0.018728845
0.078501135
-0.17701632
-0.07210058
-0.014422289
-0.13204108
-0.21938778
-0.054879613
-0.09349451
0.011981219
0.055837452
0.052830346
0.092976004
0.07632253
0.07568544
-0.025636107
-0.10485461
-0.06593513
-0.07776751
0.09424825
-0.08029855
0.08405459
-0.05769691
0.045427002
-0.071002424
0.031981
-0.100444905
0.011081566
0.057361253
-0.10523927
-0.06991882
0.01340467
-0.13597228
-0.008097277
0.029280933
-0.1176021
0.021373183
-0.094921395
-0.006495184
0.013711093
-0.113311805
0.012728794
-0.0026159529
-0.03762317
0.015975876
-0.08430608
-0.0903807
-0.14109097
-0.08574173
-0.092319936
0.056836486
0.036510706
-0.047051676
-0.029768214
-0.022913309
0.073620565
-0.082652025
0.0713108
-0.048775077
0.03388399
0.08845331
-0.07247226
0.1093867
-0.046492413
-0.08480564
-0.07633834
0.03420451
0.04114636
-0.04817418
-0.08662612
0.061635975
-0.092079476
-0.028713014
0.07871852
0.05313105
0.07651624
0.013984703
-0.03887302
-0.08073504
-0.037033685
-0.057847828
-0.04380573
0.038654808
0.03090752
0.08616361
-0.060807034
-0.07475821
0.03231922
-0.020836756
0.061725058
-0.043010898
0.011069682
0.06389668
-0.09307806
-0.2140383
-0.023452485
0.12701012
0.0621068
-0.16324295
0.12592496
0.07298776
-0.21690844
-0.10122217
-0.17059112
-0.0628963
-0.071723804
-0.061971985
-0.040051572
-0.043438554
-0.007859478
0.056774214
-0.034565814
0.004674558
0.04791235
0.07514111
-0.052087974
-0.012946799
0.070132725
-0.0659136
-0.10716189
0.013813754
-0.04771525
-0.07515197
0.006309956
-0.012318379
-0.02625521
-0.034157608
-0.047021687
-0.02546212
0.00675889
0.1272641
-0.07214641
0.093753204
0.040394012
0.010712457
-0.052934673
0.024094924
0.007000497
-0.06767527
0.05315823
-0.06447361
-0.0016494729
-0.12104927
-0.010501713
0.021099847
-0.08744371
-0.08794312
-0.058209866
0.0030305607
-0.09670721
-0.0662411
-0.072835825
-0.036338955
0.08960273
-0.013320062
-0.08782435
0.20190312
0.07650848
0.02215269
0.039922766
-0.015579009
-0.03896487
0.098147824
0.09150009
-0.11379639
-0.03861675
0.019036682
0.07852823
-0.019198054
0.019473914
-0.0961377
-0.0424845
0.010221472
0.02891508
0.07175346
0.052572463
0.0054789544
0.004756698
0.08444728
-0.052339163
-0.03546973
-0.08766979
0.04624886
-0.07863588
0.025121499
0.013731601
-0.09925741
-0.024331534
-0.009043234
-0.242356
-0.009532935
0.06614684
0.016578067
0.01359878
-0.013692952
0.11599636
-0.04013289
-0.08602008
-0.13882159
-0.047395185
-0.051913057
-0.1488809
-0.03022146
0.03410268
0.019265985
0.01603403
-0.045638062
0.05297181
-0.017623225
0.026141254
-0.02006009
-0.025116827
-0.048912928
-0.03182838
0.032323714
-0.0058200466
0.086601235
-0.041851096
0.006884993
-0.046664912
-0.025568113
-0.107160784
-0.041235566
0.071503356
-0.093139626
0.08885676
0.10088747
-0.025748903
0.07186635
-0.055456184
-0.054359116
-0.0618821
0.04093345
-0.027258053
-0.08635504
-0.0895059
0.049731962
-0.039993595
-0.0283181
-0.030589344
-0.04694626
0.12899035
0.030997159
-0.08865331
-0.10306886
-0.009982119
-0.12461344
0.027817702
0.018429486
-0.062467374
-0.05995906
0.02726277
-0.03930193
-0.01624007
-0.1196867
-0.05321184
0.042829145
0.019162383
-0.014063011
0.08806839
0.02998999
0.045747936
-0.118782364
0.027370386
-0.016498318
0.040564764
-0.08999812
-0.035622362
-0.07011091
-0.019261772
0.032464262
-0.14139302
0.07873282
0.025920456
0.047311578
0.00088537746
-0.015709262
-0.08119645
-0.015024326
0.0008115376
-0.08225876
-0.03409503
-0.12697506
0.034763083
-0.0034418486
-0.03651178
0.07612355
-0.009627867
0.0657012
0.104382046
-0.122142665
0.016761621
-0.055833727
-0.030273985
-0.07772699
0.053024895
0.1399905
0.056012332
0.017560048
0.066019766
-0.03288428
0.051248915
0.04268684
-0.13316412
-0.05640494
0.066998996
-0.041858114
0.01912209
0.011013566
-0.08424251
-0.10734631
-0.10573414
0.07324452
0.06484546
0.020283405
-0.101243064
-0.107615896
0.06074707
-0.03615618
-0.0800997
-0.05513394
-0.013411019
0.032467045
0.035708573
-0.0015234374
0.042227924
-0.02146887
0.032463178
0.049543887
0.06002488
-0.09686687
0.030620586
0.06464661
0.07896799
-0.004465766
-0.043239083
0.07129391
0.084006175
-0.25357968
0.123262934
0.03684311
-0.1427879
-0.035949912
0.03139935
0.10709704
0.12731639
-0.04139334
-0.11526986
0.031762503
-0.08145927
0.08342494
0.0028178904
0.02003466
0.02493387
0.0552942
0.016987253
0.027287444
0.010807889
-0.10817574
-0.0273448
0.0048069675
-0.08809518
0.06547115
0.0633199
-0.07400526
-0.100722596
0.057987683
-0.07109383
-0.028393997
-0.026384907
0.08244547
-0.11908964
-0.09746155
-0.036760695
0.014061219
0.00898523
0.009819533
-0.032419343
-0.011105283
-0.003055377
0.03430046
-0.15258968
-0.03821852
0.04361515
-0.16830726
-0.025693728
-0.061915927
-0.053722773
-0.12370197
-0.0664177
0.031262703
-0.02980216
0.008892494
0.14119256
-0.020414822
0.060473196
-0.113223776
0.06437806
-0.07774254
-0.056679808
-0.020619275
0.029489813
0.008420636
-0.064794384
-0.054781858
0.02752639
-0.069208674
0.07831001
0.0411185
-0.018812075
0.07440179
-0.03397193
-0.07549919
-0.097636014
-0.04214129
0.06643338
-0.06793632
0.10538749
0.02251166
-0.071743436
-0.05870015
0.07512719
0.06769417
-0.08213679
0.07717674
0.04834322
-0.05825027
-0.11140851
-0.05087503
-0.06830368
-0.06935629
0.019855795
0.0018870219
-0.08762893
-0.07147151
0.0467148
-0.04789046
0.008584198
0.05836374
0.017383467
0.092055865
0.015126396
-0.07641221
-0.079476796
-0.09106269
-0.06640565
0.057374787
0.008800906
-0.10010457
-0.00782612
-0.060353
0.066669926
-0.038336378
-0.07400123
0.06727875
-0.0368381
0.05600669
-0.010114276
0.05130741
-0.020889986
-0.00055991946
0.022053372
0.063284755
-0.016962362
-0.07986436
0.0595948
0.056997593
-0.08972519
0.02395727
0.038362484
-0.043742847
-0.0022961083
-0.096853286
-0.038246654
-0.022377959
0.20877945
0.030989448
-0.098421976
0.019793944
-0.054713767
-0.08369809
0.040521894
0.118069686
-0.20183305
0.16754377
0.06878809
0.0026348466
0.00053100975
0.04816095
-0.015771529
-0.009425227
0.04795967
-0.004214567
0.09460926
-0.0078647975
-0.004741812
-0.042063624
0.027147122
0.04846299
-0.055172335
-0.11617842
0.012414692
-0.056812737
0.08945083
0.06271454
0.006456098
-0.04521034
-0.0020519479
0.012356004
0.025729535
0.040311206
0.052154675
-0.045352623
-0.10355777
-0.09170216
-0.066938005
-0.077127434
0.041040257
0.07822756
0.02684145
-0.044325236
-0.115891755
-0.09187662
-0.058484297
-0.10485498
0.096073024
-0.1636461
0.010084823
-0.26459774
0.042342793
-0.015176492
-0.0028788457
-0.021125438
-0.047030345
-0.08454733
-0.075393856
0.107556224
0.008974577
-0.14204843
0.055739444
-0.066035524
-0.094299294
-0.030374467
0.0094480915
-0.09473362
0.075239554
-0.014421136
-0.018834192
-0.046357047
0.030909885
-0.06618242
-0.039535973
0.03058426
0.016594803
0.024269855
0.06031926
-0.08561519
-0.04861254
-0.0670414
-0.082805716
0.026878495
0.098065704
-0.056976665
-0.032415763
0.046500865
0.03297008
-0.006650287
-0.041476753
-0.04039076
-0.04168109
-0.045696754
0.04984083
-0.022006284
-0.11785562
-0.012802602
0.18143365
0.043016173
0.07855013
0.0028900416
-0.13408431
0.033272244
-0.011415149
0.029680816
-0.13876595
0.038855933
-0.0069311727
0.029927842
0.05051344
-0.06332769
0.022903478
-0.019384809
0.04254007
0.023853412
-0.086264424
0.06762592
0.012298996
-0.08369144
0.08607931
-0.0051610814
-0.023491444
0.035136446
0.03956498
0.05273547
-0.021939268
-0.055878416
0.010513552
0.10179398
-0.07008496
0.026294004
-0.07355404
0.08544373
0.007724191
0.0024680549
0.03495081
-0.045350686
0.04503008
-0.040385302
-0.0430526
-0.024661442
0.09234478
-0.009050296
-0.17564596
-0.08650299
0.14109124
0.056175463
-0.021254519
-0.09836929
0.13173938
0.08269356
0.12860979
0.08476571
-0.1034739
0.0041245795
-0.09566037
0.092685506
0.07313926
0.104039416
-0.05509791
-0.0131798
0.09771322
-0.05416524
-0.030560592
-0.07969389
-0.0052466528
-0.028560283
0.10321667
-0.12186859
-0.05240365
-0.061426137
-0.050857898
0.020993344
0.012798021
-0.08006398
0.02954408
0.019607898
-0.042662103
-0.06343677
0.038123038
-0.005962414
-0.038354702
-0.09483424
0.0644881
-0.012103771
-0.0026219771
0.07615073
0.0017116485
0.06042627
-0.11295472
0.01836892
0.021973586
-0.065232396
0.09893107
-0.13296847
-0.09644764
0.025766777
0.054357834
0.06669909
-0.07939471
-0.10527921
-0.04475948
-0.18720499
-0.12755707
0.009059649
-0.08341955
-0.12182687
0.00045063265
-0.03940982
-0.047848776
-0.09033758
-0.09628524
-0.029660523
0.05323225
0.0026064934
-0.10486101
0.034694172
0.080485165
0.013078187
0.076511756
-0.084559195
0.07749871
0.011692008
-0.060600795
0.04046375
-0.0019246264
0.07639995
-0.05760552
0.06754898
-0.07791939
0.08905069
0.097015426
-0.04008362
-0.029031232
-0.07999692
-0.0006039653
0.064337686
0.0066110753
0.042042
-0.029344676
-0.19644608
-0.051210728
0.0054160887
0.14875704
-0.06591694
0.08505653
-0.05889164
0.059027947
0.073824376
-0.013461171
0.064071506
0.010893836
0.023434985
0.007102462
-0.050241206
0.026309446
0.023775158
-0.08743122
-0.08281156
0.03515776
-0.036118254
0.02596026
-0.0487423
0.05782805
0.021859108
-0.042202905
-0.13163602
-0.10203735
-0.004521252
-0.009900575
0.006211631
0.010085804
0.09586152
0.06172563
0.011462551
0.0455213
-0.029651336
0.0031285884
0.08644714
-0.028417414
0.00021852812
-0.02175778
-0.0654347
-0.049725924
-0.046945725
0.02264107
0.066770814
-0.12367712
-8.478664e-06
-0.010068754
-0.10798458
-0.038654454
0.14557652
-0.07545208
-0.052271705
0.063186064
0.03168416
-0.018192844
0.17614985
0.04453055
-0.065194756
0.069473065
0.013553907
-0.037309244
-0.026455194
-0.0068169753
-0.087829955
0.03808647
-0.11892339
-0.079753675
0.03915566
0.0019017478
0.01634508
0.0247646
-0.06415884
0.0502882
0.032071806
-0.022853667
0.0075171967
0.02602226
-0.049577005
0.03388848
-0.06050556
0.035679992
-0.089078955
0.032480985
-0.0362576
0.024780324
0.008299214
-0.07435816
0.07538939
-0.060326815
-0.006718226
0.111014515
0.033940822
0.051001918
-0.018400645
0.1851766
0.022127789
-0.0362688
0.064301334
0.15907636
-0.06531352
-0.052017074
0.07345846
-0.13681667
0.08667908
-0.027294269
0.07365417
-0.034647558
0.06778806
-0.020863516
0.030485656
-0.044481874
-0.08335634
-0.017593434
0.05634043
0.014833753
0.028051646
0.10081874
0.05305355
0.075101286
-0.05360711
-0.039074156
-0.022936212
-0.103948854
-0.052401315
-0.032819632
0.040055323
-0.012092542
0.087642744
0.0017586848
0.031877
0.051456742
-0.086334005
0.052395206
-0.09161728
-0.09710443
0.0916763
0.033402145
-0.014231171
0.07742149
-0.14306848
-0.06381157
0.02157018
0.012851119
-0.062169567
0.1015345
0.109671354
0.059759103
-0.22902615
0.05972
0.0069830697
-0.047499303
0.15071027
0.14588061
0.039509293
-0.0850771
0.084460504
0.06443298
-0.08838399
0.019483635
-0.06513889
0.025199316
-0.019014832
-0.059531663
0.010538982
0.07423316
0.015491638
0.07897228
0.10882124
-0.048340224
0.060130514
0.033115435
0.028700035
0.033881187
0.010889907
-0.06925014
0.051336594
-0.058573984
0.010616773
0.10550954
0.028126292
-0.023953877
-0.055702507
0.002350748
-0.050292727
0.060118638
-0.08161054
0.12831779
-0.096720435
0.07962234
0.0022654033
0.084196925
-0.06880667
-0.012325079
0.026044058
-0.042086463
-0.058249373
-0.105119355
0.022981962
-0.14294745
0.11828957
0.0674676
-0.06066002
-0.024326159
-0.04559667
-0.07691779
-0.023149699
0.09949483
0.03014236
-0.08050508
-0.025399042
-0.022214612
-0.0057979217
0.06921204
-0.030617272
0.08879969
0.013645889
-0.05813969
-0.082232244
0.07362571
0.01844507
-0.06769095
0.060558196
-0.053221587
0.0025932593
0.06795415
-0.08029009
-0.027964428
0.017372137
-0.071929716
0.053112373
0.091359265
0.076248266
-0.022437045
0.0053615924
0.15136868
-0.028311536
0.07054072
0.05674609
0.119405486
-0.0014193688
0.008882742
0.0787881
0.06252196
0.07225842
0.09317185
0.068752326
0.013229086
-0.07084327
-0.035075136
0.17992674
-0.02559076
0.02753252
-0.048854914
0.050011296
-0.06966198
0.012459872
-0.0010909318
-0.06408543
-0.0035385448
0.01428808
0.00041976882
-0.046372104
-0.03815262
0.0566067
0.06681162
0.07626548
-0.048806462
0.075025685
0.061107926
0.012895399
0.007527007
0.06628845
0.005153912
0.08093605
0.10684722
0.0005867404
0.022805111
-0.07886819
-0.04197007
0.014259734
0.054068778
0.01796778
0.20967616
-0.083582655
0.05788479
0.014459783
-0.008576427
-0.07915055
0.010756854
-0.1460397
-0.036844477
-0.05443865
0.07971821
-0.12777145
0.09665087
-0.13741936
0.20721593
-0.042374115
0.078144915
0.06979027
-0.08136192
0.011938308
0.06143013
-0.0059987484
0.04589133
0.06511346
-0.080098435
0.0039066654
0.03620326
0.11071881
0.01772211
0.041862328
0.08037168
-0.08969981
0.07409973
0.118710816
0.019522268
0.009405925
0.023525111
0.0661973
0.061508544
0.04511878
0.048987225
-0.012737537
0.045137532
0.0058378563
0.001880037
0.06093511
-0.0005617342
-0.07571919
0.25469926
0.03476563
-0.067019604
-0.08324905
-0.059216548
-0.14463961
-0.046063393
0.029308219
-0.06152122
0.07547811
0.015864743
-0.13726403
-0.12180945
-0.02086115
0.0069512874
0.060144342
0.049945995
0.050632726
-0.08378189
0.028889844
0.115083896
0.057472866
-0.018476445
0.08301017
0.054118358
-0.07910631
-0.029783364
0.09455088
0.10527481
-0.02148171
0.08099042
0.0398466
0.04709089
0.012580753
0.059799142
-0.016087882
-0.070685916
0.045774605
0.012579341
-0.039214972
-0.03498251
-0.008196343
-0.012140276
0.038144905
0.08299722
0.029169587
0.022242332
-0.08362253
-0.03538187
-0.009108421
0.0946119
0.239726
0.06647061
0.04213762
0.062292412
-0.004064787
0.021180287
0.032922093
-0.1330036
-0.06128678
0.19004215
0.06941444
-0.08672123
0.02594433
-0.07372289
0.0005678911
0.06535482
0.031083291
-0.10488468
-0.09258964
0.04231762
-0.028914938
0.029247891
-0.02554193
0.09930769
-0.09020913
-0.0016526681
-0.06381401
-0.053721983
-0.072244465
-0.024316993
0.11714859
0.100130506
0.051297907
0.095802814
0.0039600516
-0.0055149663
-0.052528623
-0.011777529
0.054232735
0.05638969
0.06316472
-0.038585827
0.0018594798
0.073593274
0.030329239
0.047114372
-0.053370487
-0.08986317
0.15527816
-0.10394991
0.119341575
0.031449195
-0.10207774
0.059533443
0.0629201
0.011081437
0.11186363
0.0037612212
-0.015518922
0.09707583
0.084465094
-0.0007738558
-0.017247193
-0.073372886
0.09374113
0.060043976
0.014110299
-0.026254749
0.011190637
-0.07561009
-0.038980663
0.030860424
0.107689716
-0.06774996
-0.036308832
0.02644021
-0.0103243645
0.11359926
-0.040152114
0.011389216
-0.055908408
0.013811415
0.01855739
0.037217256
0.046829812
-0.054000273
-0.043203868
-0.048012167
-0.0816284
0.0024353375
-0.09189417
0.047431324
-0.008980127
-0.039817613
-0.01999624
-0.049054828
0.10881997
-0.031501442
-0.051326465
-0.04407585
0.037084088
0.030587688
0.053865973
-0.13964969
-0.14478011
-0.11877357
0.065497905
0.05632036
-0.033908274
0.042545736
-0.090877056
-0.071687035
0.0134434365
-0.017722694
0.0037744762
0.038421612
0.056957837
-0.03803115
-0.05762658
0.0058407057
-0.04609069
0.07807657
0.004545729
-0.0135461595
0.03361327
0.04349151
0.10051437
0.0020636753
-0.06349431
-0.014606559
0.07844686
0.089611866
-0.040440418
0.10634995
0.051556457
-0.049142353
0.057031203
0.0502311
0.058852073
-0.029172309
-0.019828867
