-0.13776422
0.1466328
0.037451353
0.0773294
0.12593223
0.010677066
-0.05272631
-0.066688985
0.12402042
0.0828766
-0.08517712
0.03250974
0.122777216
-0.13120106
-0.15701959
0.15076199
-0.023261786
0.046479467
-0.10118885
-0.006001947
0.034248274
-0.04344368
-0.0833068
-0.099220455
0.0037501305
-0.07656587
0.07478716
-0.023557507
0.028453026
-0.13798149
0.060893055
-0.009644835
0.007977148
0.14031756
-0.122766934
-0.038874816
0.15774335
-0.031700455
0.10437679
0.052975934
0.057525456
-0.054456078
0.15230487
-0.12773947
-0.10834099
-0.028558576
0.045666654
-0.070951656
-0.07694609
0.066449516
0.15657079
-0.24047351
0.04247597
-0.07713061
0.04246328
0.05116553
-0.041252326
-0.09547081
0.0036053935
0.06428322
-0.033536155
-0.050673146
0.056664854
0.06468274
-0.13914561
-0.036684655
0.06362331
-0.16031793
-0.21920924
-0.22688165
0.013352842
-0.08847773
0.06380692
-0.14637525
0.09823658
0.046062022
-0.07373905
0.0051664715
0.04656635
-0.083321586
-0.109416716
-0.041521657
0.015841464
-0.084255725
0.10752971
-0.16363607
-0.012157554
0.054053385
-0.102824785
0.06795252
0.06614646
0.024078729
-0.108806625
0.0693451
-0.09199656
0.020447373
-0.02811179
0.080303706
0.1240213
-0.073554955
-0.0038995314
0.087401204
-0.0072576636
-0.11251278
-0.03454609
-0.06475507
-0.07027979
0.11635793
-0.035502076
0.20264174
0.10826681
-0.04296609
-0.11348418
-0.0008961858
0.096261
-0.036403254
-0.13240935
0.100604594
-0.106139146
0.18435344
-0.09453567
0.08958804
0.00022399458
0.047795106
0.034405764
-0.028227398
-0.025263129
-0.06776734
0.01920419
-0.051352162
-0.038867168
-0.0749319
-0.08486205
-0.08921189
-0.03554204
0.14559488
0.11696134
-0.07049602
0.063261904
0.043188676
-0.054645315
0.042287163
0.05277293
0.008517858
-0.054984257
0.061998766
-0.04706578
0.10827748
0.07829615
0.067314595
0.07518212
-0.008286928
0.16104259
-0.014789782
-0.09494801
-0.007099331
0.043783754
0.03455529
-0.04379751
0.06609174
-0.05795437
0.049374413
0.06745478
-0.016065951
-0.011242002
-0.002680282
0.4045327
0.20226845
-0.004425271
0.22475496
0.07987817
0.056357082
0.11930593
0.04195325
0.08290598
-0.038313992
0.086785264
0.09059558
0.008336803
0.045874704
-0.07717078
0.15443017
-0.07899198
0.09543371
0.059797045
0.1924477
0.27273148
0.021856654
0.13635233
0.056355517
0.06278561
0.086596556
-0.031625386
-0.008057889
-0.08876136
0.015081818
0.035898767
-0.040228907
0.057775036
0.024843628
-0.02543344
0.04697368
0.049747698
0.23244038
-0.08521519
-0.06453111
-0.031199362
0.021292891
-0.16300116
-0.099762954
0.11506133
0.13136448
0.1322737
0.02008536
0.037687056
0.092289016
-0.049698446
0.108968645
-0.020977918
0.034888204
-0.021828271
0.20352824
-0.028105717
0.16671252
-0.08595289
-0.11501574
0.016882945
0.10825294
-0.030472208
0.029209236
0.07456061
-0.037763953
0.0674615
0.016772896
0.053770937
-0.14456199
0.07230902
0.12608606
0.066169634
0.1251409
0.06842761
0.06935712
0.0413681
0.031342395
0.024641426
0.11296533
0.19352826
-0.017269416
-0.024135632
-0.032930072
-0.0018960924
0.04385074
0.031347804
-0.24274032
0.21375747
-0.0049652467
0.09111771
0.058950238
-0.07655158
0.03448085
-0.061907236
-0.03516729
-0.020450694
0.07318156
0.110521875
0.032286763
-0.056792803
0.051392604
0.104192786
0.0014609428
0.11495155
0.08203898
-0.059523165
0.08437025
0.06171776
-0.0069363434
-0.043931134
0.017785465
-0.003449054
-0.01647682
-0.016921012
0.060997464
-0.20989595
0.0025702596
-0.036682997
-0.02088084
0.12783495
-0.007594984
0.06656855
-0.06787369
-0.11333502
-0.046602644
-0.0010456681
-0.13213186
-0.013482334
0.056223787
0.1209605
0.015895724
0.097614095
-0.075111866
0.09398226
0.075154506
0.17503643
0.15071139
-0.05897779
0.13828018
0.050053474
-0.0030998748
-0.005871561
0.034681577
0.086998425
0.18066378
0.0052097435
0.14541012
0.017495528
-0.005055567
-0.016378684
0.067145996
0.04208728
0.13066602
-0.03345254
0.14381649
0.08991893
-0.24278082
-0.15232073
0.0132834455
-0.034481287
0.14212462
0.03789961
-0.008362126
-0.012504687
0.017315181
-0.011401924
0.02433713
-0.03448324
0.07799924
-0.049377102
0.07386695
0.12551074
-0.0031207886
0.018830922
-0.04273498
0.13915822
-0.07982777
0.06415876
0.0067200875
0.04789534
0.07040733
0.07486309
-0.029571692
0.004752772
-0.048713762
-0.13110532
-0.021127228
0.083429225
-0.110385604
0.08876517
-0.024732202
0.118015125
0.17556785
-0.04382477
0.0068582445
0.09345897
0.07360918
-0.013884347
-0.0027323624
-0.042541742
0.061518617
-0.18548216
0.15360504
0.060914245
0.10746925
0.19610576
-0.017227083
-0.024348598
-0.04985873
-0.06902868
-0.065300785
0.076988205
0.053386964
0.19509639
-0.03342567
-0.03691205
0.054006048
0.022839138
0.10934254
0.021286974
-0.017271169
0.053889982
0.04052981
-0.025634037
-0.034708545
0.11060867
0.1951244
-0.064067274
0.018422134
-0.19081572
0.0002773859
0.1808412
0.1603897
-0.00019572084
-0.13822143
0.10809493
0.23561062
-0.022561075
0.049835753
-0.046179514
0.02695153
-0.06192426
0.08349471
0.18789549
-0.04790033
0.08560069
-0.07626931
0.074223466
-0.008951337
-0.008620356
0.06674134
0.111248374
-0.0850954
0.01304793
0.087970026
0.13801524
0.0137963975
0.1417644
-0.06301322
-0.15832314
0.020065216
-0.08348526
0.10664671
-0.13747896
-0.13160443
-0.03424126
-0.013139876
-0.05074498
-0.03111742
-0.0017115902
0.25294927
-0.012347006
-0.05973163
0.009882036
0.008259541
0.10195052
-0.07874041
0.114026725
0.07670033
-0.0959826
0.058345303
-0.11995442
-0.0033317443
0.019323675
-0.113839425
-0.18806988
-0.13307114
-0.021103207
0.057962712
-0.05091241
-0.077560455
0.14177923
-0.21378444
0.08235634
0.0091653755
0.1378681
0.08019193
-0.04183778
-0.030100334
0.06754391
-0.010989808
-0.07881012
-0.0848182
0.19379386
0.026794665
-0.010561784
0.20728265
-0.012011566
0.1032774
0.15264821
0.07086178
0.09835995
0.17438255
0.12189595
0.02211531
0.024021419
-0.0693786
0.11813557
-0.1291708
-0.11578046
0.15775305
0.12151435
0.008925457
-0.011659773
0.1059044
-0.058721997
0.06154949
0.16661741
0.010128218
0.16069774
0.0560353
0.045403346
0.22952965
-0.13804851
-0.18584509
0.01667934
0.0200741
-0.048618108
-0.030240692
0.079522766
-0.024031783
0.3476026
0.011766833
0.04347414
-0.13115224
-0.011333441
-0.19294183
-0.03689176
-0.016427673
-0.19064482
0.20308396
-0.124115326
-0.1954067
-0.20836897
-0.065664925
0.24830978
0.016003774
0.030399976
-0.121614195
0.09566676
0.07435088
0.12146726
-0.27390674
0.10927736
0.07106591
-0.1960325
-0.17588605
-0.096353024
-0.0057185995
0.009587785
-0.19111101
-0.008885424
0.08404311
-0.03690406
-0.01700146
-0.06997384
-0.07409411
0.069482744
0.21191598
-0.046069086
0.15281467
0.17926645
0.05464624
0.05758014
-0.14697967
-0.014079019
0.00534703
-0.08865217
-0.0351458
0.0215347
0.15352145
-0.011533299
0.3752866
0.07853163
0.09788107
0.04047146
0.0009170981
0.099662684
-0.060379013
-0.09852663
-0.06495793
-0.06683817
-0.1117556
-0.074624725
-0.22923873
-0.0164621
0.06570382
-0.13795877
-0.035954937
0.028226105
-0.03223363
0.03424382
0.17518014
-0.07653352
-0.067560196
-0.02805293
-0.0026971982
-0.0710169
-0.055536926
0.03018642
0.027795529
-0.0661051
0.03369218
-0.07486635
-0.012408219
0.12771429
0.16968407
-0.068419166
0.1743727
0.042100392
-0.065878704
0.18457277
0.22993305
0.06898237
0.0003575525
-0.09723612
-0.24499029
-0.1121615
-0.06780424
0.22324504
0.06336004
0.02690816
-0.11505132
0.1985313
0.042680915
-0.090436615
-0.0043342295
0.072281785
0.008858137
0.04521027
0.103279345
0.042995803
-0.1757619
-0.05391798
-0.054130755
0.036701996
-0.06027587
-0.15520033
-0.054452643
-0.0226926
0.11508918
-0.123058885
0.052874748
0.15873611
0.02291641
0.057302035
-0.047904428
0.021909429
0.053731073
0.021831334
-0.012114493
0.024487412
-0.15381886
0.0054723453
-0.12967844
-0.046103474
-0.015920516
0.03483487
0.036320448
-0.04986584
0.034856934
-0.089637026
-0.13179484
0.11868694
0.04507042
0.10715254
-0.114619054
-0.029071108
0.090368204
-0.040230874
-0.15595114
-0.080025926
-0.06480382
-0.100989
0.033258002
-0.07163649
0.103674725
0.032889653
-0.08737789
0.09291294
-0.021598678
0.17919408
0.04468815
0.073467225
-0.08709513
0.06631336
-0.11025752
0.10730396
-0.017200934
-0.057515528
-0.042312153
-0.0261015
0.098143265
-0.035272792
0.08131898
-0.008757763
0.07766745
0.09071614
-0.12554604
0.08307737
-0.10459154
0.07626704
-0.14919536
0.05014352
-0.046796225
0.009163211
0.15636805
-0.110784724
-0.10926832
0.04737611
0.041106936
0.14293753
-0.06960329
-0.023551336
-0.004320602
-0.07535645
-0.08040261
-0.03993482
0.04175433
0.038771
-0.06206294
0.10472872
0.0927678
-0.08391165
0.01814778
0.019142482
0.042525347
0.060938023
-0.07318062
-0.12390313
-0.03841952
-0.1252133
-0.28981763
0.018465264
0.06110173
0.12147568
0.10509833
-0.060645457
-0.013542943
0.07112785
-0.07975827
0.03432098
-0.09834093
-0.007443962
-0.15648474
0.00509875
0.009084394
0.027285747
0.07569224
-0.09166653
0.17207767
-0.025251243
-0.011162133
-0.10455077
0.10500187
-0.01638462
0.058722816
-0.04694965
0.01855133
-0.06409638
0.06878342
-0.119187705
0.03347381
-0.09963683
0.13828856
-0.11660832
0.034979936
0.028117035
0.03348933
-0.032819327
-0.026204469
0.08189821
-0.07492843
0.01694514
-0.14306618
-0.062024258
-0.048297483
-0.019984987
0.012071701
0.07092705
0.05276512
0.022445848
-0.08940426
0.10692121
-0.013728561
0.006005686
-0.065071404
0.06416001
0.10070676
-0.017926518
0.046671487
-0.09813187
0.010819078
0.14704499
0.14979221
0.15347295
0.07634844
-0.076902114
0.0050020088
0.068242356
-0.03707326
0.04301644
0.16183116
-0.079747505
-0.07699102
-0.010534016
-0.03189354
-0.0039000758
0.015530536
0.025483027
0.1778171
0.01979551
-0.08572093
-0.024809273
-0.022857498
-0.012602667
0.08221141
-0.010986695
-0.14619164
-0.05631158
0.08213173
-0.14361233
-0.048950296
-0.111965135
-0.13642517
0.11088825
0.16655384
0.010161492
-0.06986935
0.08655432
0.049790155
0.17803568
0.011963681
0.06615755
0.12855344
0.0252029
-0.017459089
0.18405913
0.13138509
0.03258689
-0.22056682
0.071574
-0.12357974
-0.13841206
0.029628597
0.095788665
0.1399145
0.22068162
0.011665228
-0.07097204
-0.007321112
-0.021870108
0.06030822
-0.022917503
0.0593145
-0.017125312
0.1351365
-0.019856343
-0.028765347
-0.06410115
0.01660961
0.104079485
-0.032543633
0.03470765
-0.14376636
0.025862854
0.04380352
0.03804965
-0.016582372
-0.20671459
-0.13186179
-0.011864283
0.099766165
0.06947438
-0.14441927
0.03864699
-0.104585335
0.06941393
-0.025017079
-0.09659848
0.05091549
0.01727281
0.032626554
-0.124767564
0.09938953
0.08632178
-0.041732214
0.005020081
0.009681829
0.20951469
0.0957578
-0.08886961
0.027038384
-0.06550593
-0.1298132
0.26999903
-0.025926508
-0.0961188
0.1226071
-0.06148779
-0.03279102
0.028106103
0.094028994
-0.14778507
-0.023942977
0.0704179
0.053518467
-0.084291466
0.10804645
0.207212
-0.00992351
0.07043833
-0.18711016
-0.045807716
0.027290704
0.06924916
0.067772865
-0.08330559
-0.011325597
0.0011730412
-0.032015275
-0.043267325
-0.036034565
-0.018538356
-0.12980641
0.031263255
0.14220658
-0.05103755
-0.035162576
0.075943366
-0.021009373
0.018166896
0.066657916
0.20071949
-0.025263054
-0.03491168
0.022585653
0.009198471
0.0378899
-0.03168068
0.0508949
-0.06382063
0.0012910322
0.03719941
0.11200481
-0.11691781
-0.014780838
0.13025118
-0.15474732
-0.05581414
0.017983507
-0.08348817
0.06278677
-0.17900683
-0.05253373
-0.06767896
-0.04766339
0.24538352
-0.055209946
-0.10038335
-0.0023397615
-0.08773581
-0.07889921
0.12633212
0.12575062
-0.07710261
-0.09456925
-0.12939744
-0.0039469367
0.05516802
-0.03223257
-0.021351976
-0.018657465
0.073958404
-0.06794761
0.025952652
0.11937767
-0.058383625
-0.026960196
-0.12674016
0.09624348
0.04693221
0.112947464
0.10149463
0.09581797
-0.059363898
-0.06577487
0.064474195
-0.07853923
0.08251519
-0.074296236
0.10951318
0.012507732
-0.14132746
-0.11032506
-0.04278573
0.02494904
0.14570226
0.070626915
0.0030493026
0.13154106
-0.061022863
0.09336776
-0.019525971
0.033641856
-0.019038957
-0.12923543
0.0642137
0.10978493
-0.035361916
-0.01008292
0.04817726
-0.15961613
-0.08027077
-0.028483374
0.067305095
-0.04857648
-0.08211349
0.06663496
-0.036818236
-0.025563944
0.08292166
-0.025402844
-0.1322603
0.12977158
-0.039645776
-0.024070371
-0.096727155
-0.065604806
-0.047404326
-0.00055922783
0.1405298
0.051829513
0.028622482
0.09372804
0.0049141925
-0.066849686
-0.19849792
0.16895212
-0.023908092
-0.101329885
0.0031608394
0.05490882
-0.026370704
-0.17733948
-0.11387218
0.07932392
0.13695192
0.18640576
-0.06366143
-0.042575736
0.113285705
-0.08368477
-0.06645649
-0.07962909
-0.074518405
0.0111636445
-0.116360605
0.049396716
-0.01709171
0.0049976376
-0.1207088
0.20203914
-0.0588367
0.041272406
-0.008157798
0.041556653
0.046125494
-0.111218885
-0.06808976
0.03699249
-0.0026019432
-0.06880968
0.080510475
-0.0349532
0.04269674
0.099657506
0.19615209
0.060788706
0.0064699478
-0.07512988
-0.034200426
0.10467201
0.14393294
-0.018110074
0.034343727
-0.16250303
0.05165266
-0.010501821
-0.13256681
0.103798315
-0.17888668
0.14467701
0.06114273
0.0068959417
-0.030224644
0.07470849
-0.078381814
-0.036034454
0.15334572
-0.09829721
-0.09032267
-0.025963489
0.0335887
-0.05863914
0.0118589895
-0.16357146
-0.046002597
0.12934649
-0.026720626
-0.025732424
0.013225461
-0.003200532
-0.018266967
-0.06294412
-0.083461285
0.034183387
0.041119687
0.07755548
-0.0031158198
0.052554835
-0.16822301
0.05158032
-0.0126485955
-0.11100731
0.17912358
0.030353138
-0.016429232
0.019050352
-0.070867516
-0.06262667
-0.09435868
-0.1568503
0.0812679
-0.1743597
0.073407054
-0.0059564523
0.0514328
-0.07291065
0.024994025
0.16770162
0.03340691
-0.114691556
-0.0016124911
0.02712847
-0.13792397
0.097894385
0.092792876
-0.022635207
0.018207429
-0.019453563
-0.017593352
-0.06338709
0.14415203
-0.17910977
0.0154135665
0.0038617747
-0.036086924
0.010404488
0.08741732
-0.11408294
0.055562887
0.06947631
-0.03198986
0.16348112
-0.1040119
-0.037731197
0.016006002
0.02414277
0.024308618
-0.12975551
-0.1701373
-0.112798475
0.021452343
0.08891553
0.00592438
-0.13523503
-0.12855841
-0.051539507
-0.1468928
-0.08099404
-0.04246585
-0.17929372
-0.16859688
-0.06844884
-0.033237353
-0.1111558
0.06959341
0.059054997
0.10568674
0.100549825
-0.14312908
-0.020260261
-0.05148814
-0.04819054
0.06271036
0.10416362
-0.023972388
0.01166976
0.04380021
0.16818835
-0.04537356
-0.043741036
-0.12930055
-0.054565024
-0.020446504
-0.06690076
-0.0394194
-0.052091133
0.002244696
-0.04777655
-0.019786818
-0.2143541
-0.17479977
0.020905344
-0.06046202
0.019209692
0.03169827
-0.028308017
0.0066525955
0.05759855
-0.11860539
-0.0014353826
-0.19017164
0.07670028
0.05844115
-0.13845919
-0.111197345
-0.007042656
0.19576256
-0.029203048
-0.124507576
-0.016272297
0.0839033
0.091834456
-0.14092982
-0.015126187
0.041803695
-0.14890172
-0.05920984
0.11854332
0.00016954429
0.060861297
0.14426629
-0.0400406
0.113791324
-0.08495509
0.011163365
0.005332479
-0.06010183
-0.18061228
0.023955287
0.104540676
-0.017744415
0.06579926
-0.010006831
0.06790581
0.089157775
-0.049471345
0.011038882
-0.04768693
0.041126307
0.026994102
-0.042423703
-0.1012064
-0.14562866
0.021120016
-0.0006546137
-0.01722029
0.02062868
0.07021378
-0.12647606
-0.053405043
0.08550522
-0.0859426
0.093608454
-0.05457378
0.06803993
0.0034829176
0.13412891
0.11837181
-0.01618161
-0.07595489
-0.13640267
-0.040891144
0.10383436
-0.122014165
0.13515782
-0.080083676
0.1471189
-0.003900429
-0.0059682187
0.004423289
0.03412731
0.08401053
-0.060598925
0.13184716
-0.078677595
-0.032143947
-0.061160892
0.17662367
0.10210097
0.012241087
0.036989696
-0.069113
-0.0039023908
-0.05750969
0.025566623
-0.09011426
-0.036967747
0.028064255
0.044329785
0.02380441
0.07625846
-0.03823609
-0.045292437
0.029784348
-0.08276068
0.09563965
0.08588464
0.025328742
-0.042822283
-0.018879393
-0.0033384091
0.28880778
-0.14874388
0.08126251
0.07754191
-0.09699115
0.09619343
0.010803348
0.06075657
0.08553908
-0.050138265
-0.12437827
-0.031338356
0.16271655
-0.17722814
0.010282765
0.1342927
0.044406205
0.120461896
-0.050556943
0.07333058
0.15996361
0.0689403
-0.22827865
0.11681835
0.02555762
0.13907386
-0.032193024
-0.07652235
0.07102675
0.06447693
0.1991131
0.07513507
0.089557946
0.15158437
0.08455609
-0.04993111
0.04586315
0.012405539
0.14236864
-0.11543263
0.059057433
-0.021227902
0.05517619
0.12989749
0.06294627
-0.056908794
-0.048296705
0.22873868
-0.054101266
0.0012138132
-0.09820209
0.06488717
-0.1511954
0.10050346
0.02697824
-0.07894843
0.098085284
0.19268546
0.035314467
0.22049001
-0.12561744
-0.107292056
0.081406616
0.16206785
0.056121744
0.090928845
0.17491874
0.10754597
0.13986112
-0.026371121
0.018823922
-0.004678522
0.0051684403
0.019197544
0.085594736
0.14731584
0.08032357
0.10504408
-0.0018955623
0.099655055
-0.085589014
-0.042063676
-0.16336654
-0.017894093
-0.09079452
0.096314944
0.08564852
0.0009242939
-0.122375004
0.10755439
-0.036676493
-0.11377397
-0.034165666
0.0602414
0.023254564
-0.036555536
0.24365756
0.13364336
-0.10176912
0.21687047
0.04615156
-0.11740967
0.07266162
-0.13704169
-0.03333223
0.109157965
0.15340681
-0.025413789
-0.010637288
0.03628257
-0.05653479
-0.03331571
-0.04390344
0.008406601
-0.034983296
-0.017344216
0.07332219
0.00933115
0.0071408655
-0.009087738
-0.039649438
-0.1232477
0.07931297
0.0023393128
-0.05464451
0.06669773
0.034392994
0.21425067
0.029072484
-0.04228947
0.014066388
-0.09409941
-0.05339783
-0.014762298
0.027808934
-0.084671505
0.017584166
0.06373188
-0.017711923
0.27396914
0.1274926
0.05354194
0.042219516
-0.16793509
0.17916317
-0.0031517516
-0.04248752
-0.01787207
0.093344554
0.23092088
0.074584946
0.032480307
-0.0056522326
0.0059113344
0.13273586
0.115563326
-0.11933404
0.031286873
0.070286766
0.040606275
0.009221423
-0.0251191
-0.21017577
-0.030829301
-0.096125074
-0.10857143
0.046096604
0.018491477
0.18882583
0.033938266
-0.019672595
0.10737846
0.0066017276
0.00012736619
0.04393826
0.07550536
0.11661117
0.12625536
0.0683754
-0.08565242
-0.06906608
0.037900258
-0.014869332
0.05480624
-0.11207418
-0.016586356
0.01751352
0.07370693
-0.08545435
-0.023540178
-0.1792655
0.013170467
0.09863682
0.08321313
0.064523585
0.051700976
0.044916663
-0.06521791
-0.1003416
0.15671326
0.08168552
-0.051358182
0.07063798
-0.013798538
-0.062181063
-0.15518038
0.111298785
0.0864323
-0.01809509
0.115458235
-0.02105509
0.00625859
0.054721594
0.0883552
-0.0076126237
-0.04754157
-0.06027218
0.01607908
0.08205417
0.14998072
-0.2169626
0.05372885
0.08673891
0.03856896
0.027852288
0.038327064
0.035142828
0.11368564
0.1216508
-0.030303227
0.0285305
0.03777606
-0.0882894
0.12105105
0.0602369
0.17273717
0.026240136
-0.123367414
-0.053402096
-0.13917382
-0.09359126
0.119410805
-0.114852786
-0.14690696
-0.025396466
-0.079704836
-0.03656339
0.066853344
0.034995385
-0.07586044
0.044621658
-0.0015678112
0.067161925
0.098548554
-0.007439565
-0.050381314
0.07191359
-0.052040502
-0.055455573
0.022893561
0.023225714
-0.0018746337
-0.058391646
-0.040806364
-0.121738665
-0.033261444
-0.1580313
0.04975872
0.053372204
-0.10710705
-0.0888868
0.13907646
0.18395638
-0.022202367
-0.1534162
0.050054435
-0.044459034
0.009045443
-0.09573751
-0.008544616
-0.08071131
0.00840632
-0.097778566
-0.008798293
-0.013393168
0.040420793
0.16001567
0.09297087
-0.026498333
-0.08759598
-0.017186677
0.062806234
0.018109463
-0.015472255
-0.15515111
-0.044496395
0.054342784
0.078277744
-0.0473629
0.11469155
0.058089767
-0.056075666
-0.044905275
-0.14160177
0.103566855
0.033074025
-0.22786267
-0.046426203
-0.08545059
-0.07957589
0.006083148
-0.059290387
0.0001328907
-0.04291368
-0.046496212
-0.13437231
-0.13242218
-0.05709025
0.048053294
0.06250323
0.09249543
0.00404677
0.1176705
-0.052531417
-0.07931058
0.05408148
0.07863425
0.107300386
0.043906085
-0.05484026
0.16239052
-0.11167117
-0.024892513
-0.03054728
-0.07848447
0.10843599
-0.015894845
0.14860742
0.0856517
-0.11388678
0.0527413
-0.120816454
0.11188569
0.18508571
-0.06582971
-0.101292536
-0.010184051
-0.035441156
-0.10009266
0.12896924
0.030110909
-0.074738726
-0.014702218
0.053732947
-0.08537732
0.052077115
0.07448011
-0.111896105
-0.07951132
-0.1916103
-0.09383167
-0.205328
-0.018123284
0.04545383
0.072911754
0.020102443
0.2070514
0.027341101
-0.21723454
-0.028414292
0.13123612
0.012262956
-0.004346033
0.0024352372
0.058656897
-0.020032933
0.17654823
-0.103788935
0.1439375
0.173552
-0.020093266
-0.037973307
-0.23828647
0.10029642
0.14544874
-0.050700128
-0.0064363796
-0.12806274
0.04044921
0.020353634
0.02702384
0.030428119
0.18715316
-0.002680368
0.024766214
-0.07214263
0.015611444
-0.025172638
0.17414849
-0.020073678
-0.07894699
-0.011013849
-0.11652175
-0.08366871
-0.20717244
0.10829032
0.016137743
-0.11167651
0.048006378
0.20151268
0.11480902
-0.014805784
0.16818205
0.037105072
0.057391338
0.066466086
0.13653238
0.059362896
0.03837929
0.01672138
-0.19274648
0.19479501
0.05085069
0.05287471
-0.038120985
-0.032208752
0.2623
0.14283188
-0.07791748
0.0050596045
0.1842755
0.06996383
-0.012578559
0.0074068583
0.11823919
0.26969343
-0.02731772
-0.08539374
-0.062369373
0.09438404
0.0904028
0.0627065
-0.11007443
0.09106693
-0.07861606
-0.07827607
-0.043070506
-0.06660612
-0.030069467
0.06217881
-0.1381523
0.081738055
-0.06322638
0.0402843
-0.01132232
-0.014873253
0.03702543
0.061153673
0.113439456
0.014802825
0.22286579
0.24660699
-0.0001810911
0.11884419
-0.07478947
0.027508376
-0.049676448
0.021217402
0.036023855
0.10469838
-0.0113622015
-0.051239893
0.048306756
0.1430436
0.058354307
-0.02098221
-0.033851672
0.26647383
0.19872145
-0.007813063
-0.099621795
0.08485858
0.03323209
-0.11505065
-0.042420484
0.27435303
0.12825459
-0.076705486
-0.049466852
-0.21762443
0.13955809
-0.06965464
-0.07196062
-0.14318481
0.033867035
0.12475791
0.017817052
0.037262183
0.13307561
0.026505524
-0.036011346
-0.07081317
0.16156854
-0.0068728076
-0.04672773
0.03305462
-0.1356278
0.11934376
-0.031980447
0.08082685
-0.02120968
-0.052438993
-0.10000425
-0.025630657
0.10326024
-0.03414046
0.031547386
-0.03465241
0.083834626
0.028764853
-0.0025739537
0.04540614
-0.053782728
0.09058027
-0.040699244
-0.064365946
0.08173413
0.050215647
0.05757563
-0.0932691
-0.20920375
-0.037827946
0.05270789
0.13753161
0.0013567558
-0.14999649
0.035020623
0.22143094
0.016441781
-0.061055742
-0.014895646
0.07982696
-0.13010906
0.0051546544
0.04750316
-0.0019160743
0.08826713
0.03871099
0.06921713
0.18556325
-0.047075078
-0.02862267
0.01291807
0.08413839
0.07448725
0.07273985
0.007860611
-0.013201754
0.023762234
0.0028728838
0.01197363
-0.0055782483
0.08590833
-0.0577981
-0.08379379
0.005408182
-0.23886324
0.07877538
0.1188915
0.027087033
0.07354144
0.054119516
-0.17205462
0.017817363
0.048775293
-0.04090698
0.0054937634
-0.0269114
0.037456904
0.23276542
0.053438623
-0.03950314
-0.13014334
-0.09120561
0.084469676
-0.03234616
-0.16405955
0.052718714
0.09915609
0.18916003
0.009541617
-0.18928233
0.11242946
0.015179055
-0.055624995
-0.06258753
0.0048742713
0.07974941
0.13577515
-0.13926004
0.08452588
0.039061777
0.041914888
0.077372655
0.08836019
0.060952783
0.10063462
0.029948153
-0.035267055
-0.072987325
0.008773132
0.09754274
-0.048031352
-0.04377732
0.09957646
-0.0010624317
0.037638374
-0.08910779
-0.072285116
-0.008354921
-0.029345082
0.13130043
0.060365994
0.10691228
-0.003804937
0.0037495235
-0.05134328
0.06841879
-0.07756537
0.010730457
-0.08923336
0.057484493
-0.06376283
-0.2165636
0.050307505
-0.09206101
-0.0031940828
-0.1445889
-0.124576226
-0.036118943
0.025583763
0.046445925
-0.08437222
0.05462905
0.013808163
0.1565409
-0.06415314
-0.01952979
0.050704934
-0.026362075
0.106410734
-0.0071230386
0.08637235
-0.0067801545
-0.13633052
0.08482199
0.11252295
0.07642295
-0.10911135
-0.09580702
0.01632415
0.084215246
0.12136429
-0.1615771
0.19960472
-0.026693547
-0.017455539
0.11586171
-0.025368985
0.025356412
-0.030590141
0.13095833
0.15133995
0.09782087
-0.0068062376
-0.13743545
-0.07541614
0.03485172
-0.22668098
0.11917077
0.18130599
-0.04699649
0.044158835
0.00021090714
0.08649064
0.12106143
0.00033416756
0.06098615
0.19906469
-0.12162133
0.054600146
-0.015206986
0.0023791578
-0.013701414
0.0558721
0.114600234
0.042246554
0.0051972186
-0.0881265
0.019101532
0.08713763
-0.037574578
-0.059653435
-0.057453044
-0.0042076376
-0.12629656
-0.10223697
-0.069758624
-0.005604131
0.03963062
0.039886147
-0.14338721
-0.0033677444
0.06587526
0.057891496
-0.011738463
0.05777736
-0.021838337
0.070322715
-0.025466284
0.02498964
0.0313652
-0.011777169
0.034292586
-0.0124113625
0.025688546
-0.014660844
0.07739056
-0.1224197
-0.054323997
0.21707472
0.13195784
-0.09991347
-0.023443121
0.025744244
0.21597019
0.059150837
0.022887727
0.24611442
-0.0028878709
-0.13840559
-0.11119362
0.1708683
-0.16658573
0.09301353
-0.030748798
0.036681764
0.09481803
-0.08399212
-0.11958395
-0.042227156
0.03503349
0.05520007
-0.11001555
-0.028784031
0.048978414
-0.059236065
-0.032421064
-0.015714038
0.01293153
0.00217474
0.23111671
-0.08768888
0.19347091
0.107395016
-0.1343191
-0.060386814
-0.073329754
-0.19166018
-0.025287181
-0.08360997
-0.13121419
-0.09946084
-0.023317726
-0.07826844
0.06286447
0.01201892
0.09432985
0.117745064
0.052553352
-0.15550637
0.14959748
-0.05595841
-0.18846501
-0.02464437
-0.046582542
0.04220918
-0.09137326
-0.087778695
-0.0070686727
-0.008035096
-0.0170276
-0.109998405
0.13678226
-0.10293242
0.13317926
-0.0022708103
0.1705367
0.035525057
-0.01206074
0.080455996
0.076494716
-0.072241895
-0.00931283
0.036485527
0.13959852
-0.1134011
-0.07133829
-0.13872541
0.019583035
-0.08162634
0.068881705
0.07084237
0.009683316
0.16796283
-0.13235101
-0.11398722
-0.03228963
0.103456706
-0.09125314
0.069407836
0.013780868
-0.07847993
0.10867833
-0.087322466
0.028575981
-0.19637357
-0.010309371
-0.04769887
-0.021240933
0.023356365
-0.04376168
0.10263508
0.115505785
-0.02152095
-0.05940029
0.12389551
0.25122446
0.073387064
-0.033470772
0.10078536
-0.0030109063
-0.06765493
-0.107789084
0.010394337
-0.14880387
0.051656615
0.011711226
0.0008237773
0.011596176
-0.02328022
0.057608962
-0.09425937
0.09860434
-0.10218411
-0.008297114
0.02438612
-0.058741845
-0.054760363
0.020797871
0.100724705
0.23690611
-0.055099964
-0.047539674
-0.05841954
-0.0385034
0.10973904
-0.20935583
-0.022870762
-0.059574816
0.0678671
-0.056850817
-0.08023973
-0.1586666
-0.104382806
-0.018683672
-0.044385508
-0.07444754
-0.0013008013
-0.00716989
0.030313902
-0.037091132
-0.0059109586
0.0060971603
-0.033172946
-0.007275784
0.017568743
0.11184444
0.09594901
-0.050032705
0.046179682
-0.11943383
0.09870992
-0.03824507
-0.07589622
-0.11184364
-0.06262868
-0.101359345
-0.07750535
-0.09339933
0.07111486
-0.045970555
0.0053054206
-0.037126772
0.085176505
0.07889696
-0.07447006
-0.08568248
-0.09672752
0.057967238
-0.0017843627
-0.18332109
0.024426822
-0.072175704
0.059714146
-0.14983016
0.054085795
0.13601767
-0.089178115
0.028879812
0.0013785827
0.0947293
0.04591159
0.000726393
0.07174457
0.009401077
-0.13416955
-0.06315315
-0.14044155
-0.096351884
0.0037562498
0.0069004716
-0.08349566
-0.06932748
0.33439982
-0.031080127
0.06138644
-0.035038076
-0.0026995884
0.09365296
-0.14045973
-0.08730189
-0.11888441
-0.0088669695
-0.115793385
-0.0025136098
0.0409909
-0.100544386
0.03850729
-0.0034340452
0.17686163
0.019373829
-0.16918977
-0.007813307
0.059026305
0.12900116
-0.050740756
-0.055316456
-0.1425049
-0.028274024
-0.15951456
-0.10953935
-0.0065740063
0.004817077
-0.0056077978
-0.17447792
0.039833684
-0.015155938
-0.018341105
-0.12228636
0.008796214
-0.008272187
-0.08851268
0.009366715
0.06568756
0.041985482
-0.05864896
-0.03627343
-0.20841773
0.116057
-0.024495937
-0.035933625
-0.040560275
0.0032807856
0.051706444
0.14813729
0.18664643
0.029970497
0.05571887
0.18716113
-0.038006395
0.095318586
0.20610014
0.0492045
0.11841012
-0.06811265
0.1276613
0.17557518
0.01610394
0.06662238
0.2414968
-0.09651809
-0.088158965
0.28411958
0.15575702
0.011163773
0.2849463
0.05204832
0.10444571
0.1328424
-0.09195241
0.053934854
0.037899103
-0.063510776
0.19305068
0.07923797
0.15390122
0.3518252
-0.010989706
-0.014185656
0.01973194
0.06348194
-0.030217279
0.1507399
0.21694843
0.00076084945
-0.07079395
-0.17032856
0.24856812
0.0758644
0.033134118
0.15059704
0.059615616
0.14489062
0.34223568
-0.024908189
0.13975413
-0.051444642
0.19524649
0.03630515
0.10196794
0.20527565
-0.043866057
0.1796469
0.09102002
-0.009495105
-0.21297912
0.038100485
0.062395412
0.00756061
0.12807198
0.3085886
0.095172256
0.07593269
0.15627372
0.1360551
0.063165784
0.09768096
0.07361593
0.20393026
0.025051935
0.025842741
0.024834462
-0.081128314
0.1969046
0.055799343
0.10572353
0.14187992
0.27391806
0.10229821
0.13396707
0.12247898
0.19794534
-0.00034709618
0.21876591
0.07454988
0.10907085
-0.12072434
-0.036949262
-0.004136144
0.12364866
-0.08626404
0.10209352
0.07329053
0.12142305
0.22601667
0.17050019
0.039243314
0.083714284
-0.10243059
0.097581305
0.059689116
0.20756257
0.1765468
0.017752482
-0.03730921
0.013425516
-0.02704603
0.0574077
0.13087915
0.12963255
0.12337444
0.37114102
-0.028195854
0.034934103
0.076236255
0.27656215
-0.052712705
0.17575628
0.149109
0.116567895
0.14133716
-0.07803197
0.1520722
0.0710383
0.055142697
0.23338428
0.25225234
0.022404721
0.4348817
-0.051347237
0.01018124
-0.050814487
0.13104299
-0.02891181
0.13929273
0.06145885
0.014981758
0.08082843
-0.063051
0.05927222
-0.0029119018
-0.029760955
0.065121554
0.14201586
0.18020877
0.4689151
