0.119617246
-0.041592404
0.044397548
0.05486304
-0.06136443
-0.03349758
-0.105551556
-0.06815012
0.077559315
-0.0136236595
-0.13433157
-0.10810162
-0.19548532
0.027337294
-0.09250626
-0.101724096
-0.049044635
0.0034773147
0.01003704
-0.18088816
0.0151911685
0.07890419
-0.06367038
0.049337912
-0.019505193
-0.066952586
-0.10080675
-0.044356447
0.044815715
-0.12782483
0.048800264
-0.06436707
-0.16677406
0.10624142
0.025711872
0.08222046
0.11113845
-0.11828904
0.025929047
-0.18548338
-0.07195455
-0.0116651915
-0.07505268
0.06275942
0.010741117
0.06545292
0.14270435
0.007787363
-0.1270099
0.1034253
0.058813214
-0.042977206
-0.011810824
-0.04730704
0.11797721
-0.052640826
-0.03582612
0.0054338193
-0.14165276
-0.006609574
0.09497999
0.089750245
0.03921789
0.1439002
-0.017645326
-0.022269202
0.0100351395
0.087147005
0.016202388
-0.023837196
0.027501173
-0.09562817
0.046787858
0.043500036
-0.09682951
-0.014429193
-0.08647341
-0.025728919
-0.038485706
-0.05956568
-0.051587194
0.10687828
-0.049511854
0.05321365
0.061280906
0.016430607
-0.008274464
-0.09012066
0.07003673
0.029755944
-0.021651927
-0.0060229483
-0.045548446
-0.058929365
-0.021216089
0.085919805
0.15113984
-0.042678032
-0.097248934
0.08390799
-0.09662281
0.07333564
0.09925665
0.0503426
0.04429043
-0.0121716345
-0.002098873
0.036814075
0.0981407
-0.099450536
-0.024389554
-0.037676483
0.068147175
-0.07415533
-0.07697896
0.03714145
0.079711124
-0.061866675
-0.026171017
-0.05716458
0.033448786
-0.0518833
-0.04019136
-0.011936344
-0.034794368
0.212529
-0.07024905
0.011141718
0.06933649
0.1893855
0.1040794
0.05361715
0.06997861
0.1461949
0.05210933
-0.06540311
0.036430594
0.021931069
0.003635341
0.036487553
-0.054811988
-0.025715128
-0.06964927
0.13820797
-0.052686974
-0.21889046
-0.0877694
0.16695088
-0.054286916
0.08223489
-0.11711503
-0.032804135
-0.10065676
0.01409061
0.039945614
-0.03766372
-0.078195676
0.09999376
-0.048075132
-0.04019383
-0.06961083
0.0010253467
-0.0038500188
-0.22493501
-0.020545531
-0.034706775
0.010117575
-0.07586933
-0.016609825
-0.08589045
-0.042596746
-0.15340161
-0.087799065
-0.08195572
-0.1163957
-0.019260246
0.008306317
0.06631024
0.04643319
-0.029865665
0.1527058
0.016396781
0.021546721
-0.033063915
0.033014018
-0.0089513045
-0.04525661
-0.040797748
-0.031825136
-0.040956806
0.079514824
0.18115117
-0.1976261
0.032385003
-0.11322972
-0.03359208
-0.058134094
0.09758751
-0.1140784
0.036407467
-0.1035215
0.054698303
-0.08547697
-0.052802764
-0.05636401
-0.038349085
-0.020945795
-0.023212446
0.0017522506
-0.092184976
0.0333516
0.13402471
-0.029871302
-0.0026757657
-0.045953684
-0.08799167
-0.051876538
-0.024786722
-0.049452007
-0.12208267
0.052773595
-0.015332389
0.033848822
0.02301658
-0.0040450934
0.1965925
0.08215949
-0.07933207
0.075747594
-0.028034363
0.07529865
-0.059167974
-0.07949508
0.037836425
-0.065758616
-0.07738396
0.07382052
-0.026128983
-0.028174171
0.17469166
0.06873599
-0.11949611
0.0034837304
-0.03722923
-0.063951366
-0.16507578
0.05186653
0.105088994
0.026937377
-0.017474715
-0.112151
0.017670512
-0.105148435
0.022250552
0.020726388
-0.008011219
0.07409159
0.10499984
-0.05149913
-0.07081221
-0.03641232
0.02843532
-0.09289094
-0.00418518
0.009146492
-0.013870152
0.003801816
0.0618739
0.029440617
0.22770359
-0.036227558
-0.075178176
0.13662465
0.054323483
0.010840373
0.054175284
0.03488343
0.11518677
0.052627534
-0.017644217
-0.0015835628
-0.07062271
0.123837225
-0.037330005
0.01673131
0.059187137
-0.08529229
0.16821924
-0.084167115
0.096887276
-0.04106024
0.14443627
0.12320048
-0.18782131
-0.112689644
-0.028614964
0.04796723
0.09718622
0.08037399
0.021701211
-0.0010437671
-0.06199886
0.0044154315
0.053520896
-0.056788728
-0.102248736
-0.055024896
-0.148901
0.0614246
-8.499589e-05
0.03150219
-0.077065416
0.04855761
0.06341521
0.074370116
-0.13021483
-0.010028157
0.008282943
0.03193095
-0.025351604
0.013388588
0.10388056
-0.02572323
0.019296413
0.15432076
-0.08367829
0.0068752626
0.034399595
0.020947391
-0.1454825
-0.1253546
0.04480299
0.041751873
0.022026788
0.078172214
0.14398704
-0.034218263
0.05822383
-0.033324786
-0.020570364
-0.0071248426
-0.014999253
-0.092670605
0.0988968
0.05339269
-0.13289677
-0.0399634
-0.10818209
0.13348779
0.042812783
-0.027956458
0.0353806
-0.01727693
0.04130739
-0.025480999
0.052650467
0.1575178
-0.0859822
0.007505858
0.0056276517
0.02488502
-0.090497494
0.03892102
-0.013038241
0.066029385
-0.0013571121
0.03000109
0.029614013
0.09081247
0.23493503
-0.05293317
0.07977929
0.09789241
0.07657926
-0.021560801
-0.016363049
0.03707159
0.029838791
0.04683822
0.02606034
-0.079077266
0.038119767
-0.10176856
0.06302534
0.07166923
0.055459134
0.07950076
-0.099126175
-0.19170143
-0.12192363
-0.022532666
0.16461676
0.04624641
-0.018614698
-0.20744859
0.035484582
-0.07689126
-0.09285356
0.008626022
0.13144194
0.0132741565
0.07983564
-0.059848893
-0.040740937
0.10532022
0.010960508
0.0637409
-0.11643976
-0.05394442
0.018604713
0.014358701
0.13846302
-0.008429025
-0.0038291106
0.009162248
0.07394751
0.13249317
0.121057875
-0.039413907
-0.04308455
-0.006410545
0.094661914
0.10150021
0.050692406
0.09818469
-0.037109617
0.04318551
0.019512955
0.052931137
0.07291728
0.03934837
0.087382846
